light_curves/galex/3154386847406229004_LC.ecsv
# %ECSV 0.9
# ---
# datatype:
# - {name: t_mean, datatype: float64}
# - {name: exptime, datatype: float64}
# - {name: mcatbg_flux, datatype: float64}
# - {name: flux_acorr, datatype: float64}
# - {name: flux_mcatbgsub_acorr, datatype: float64}
# - {name: flux_mcatbgsub_err, datatype: float64}
# - {name: time, datatype: float64}
# meta: !!omap
# - __serialized_columns__:
#     time:
#       __class__: astropy.time.core.Time
#       format: unix
#       in_subfmt: '*'
#       out_subfmt: '*'
#       precision: 3
#       scale: utc
#       value: !astropy.table.SerializedColumn {name: time}
# schema: astropy-2.0
t_mean exptime mcatbg_flux flux_acorr flux_mcatbgsub_acorr flux_mcatbgsub_err time
[from data line 112]
995614361.9922858 8.302954523696744 2.449253509778086e-16 1.1864299251270384e-15 9.415045741492299e-16 1.8261699023427758e-16 1311579161.9922857
995614370.0372221 8.30962598597665 2.449253509778086e-16 1.2067810994923777e-15 9.618557485145692e-16 1.8381954168267572e-16 1311579170.0372221
995614380.3146299 8.300505505897792 2.449253509778086e-16 9.076500288805339e-16 6.627246779027253e-16 1.6416043646439685e-16 1311579180.31463
995614389.9526472 8.296390030010354 2.449253509778086e-16 5.758471998660485e-16 3.3092184888823986e-16 1.390283718644913e-16 1311579189.9526472
995614400.4439999 8.299250032405453 2.449253509778086e-16 1.3608569232541261e-15 1.1159315722763176e-15 1.9332657255938863e-16 1311579200.4439998
995614410.0206 8.308432441670035 2.449253509778086e-16 1.703774084441497e-15 1.4588487334636885e-15 2.1262934149530213e-16 1311579210.0205998
995614420.0419048 8.302295822357715 2.449253509778086e-16 7.187969507257895e-16 4.738715997479809e-16 1.5033748840682754e-16 1311579220.041905
995614430.1827028 8.299604717741854 2.449253509778086e-16 1.2590544888602991e-15 1.0141291378824906e-15 1.8716972804729658e-16 1311579230.1827028
995614435.7249999 0.8259445876029179 2.449253509778086e-16 6.958698030253315e-16 4.50944452047523e-16 4.710500774537043e-16 1311579235.725
995614472.6768749 4.154728544098706 2.449253509778086e-16 5.473364152249875e-16 3.0241106424717887e-16 1.9309910880453552e-16 1311579272.6768749
995614478.6977272 8.314400163203116 2.449253509778086e-16 3.6721572943647466e-16 1.2229037845866607e-16 1.2040700047498941e-16 1311579278.6977272
995614489.8388236 8.304699800748873 2.449253509778086e-16 5.834743044152522e-16 3.3854895343744364e-16 1.395880853498549e-16 1311579289.8388236
995614500.2047058 8.302656137620088 2.449253509778086e-16 5.865430353846179e-16 3.4161768440680933e-16 1.398576869506407e-16 1311579300.2047057
995614510.6082143 8.300178970191263 2.449253509778086e-16 4.812065552765155e-16 2.362812042987069e-16 1.3093452282443003e-16 1311579310.6082144
995614520.2730769 8.30497566712163 2.449253509778086e-16 4.4241868138949313e-16 1.9749333041168454e-16 1.2744628042984553e-16 1311579320.273077
995614530.3970588 8.297437196241631 2.449253509778086e-16 5.754774356424655e-16 3.305520846646569e-16 1.3898900478411574e-16 1311579330.397059
995614539.7536362 8.299165583515835 2.449253509778086e-16 3.7389895006667473e-16 1.2897359908886614e-16 1.2115343692132428e-16 1311579339.7536364
995614549.5354167 8.29592274615446 2.449253509778086e-16 4.093168908223003e-16 1.6439153984449172e-16 1.2449389150211614e-16 1311579349.5354166
995614557.5943749 4.148748941747497 2.449253509778086e-16 5.395963742356683e-16 2.9467102325785973e-16 1.9231467987466492e-16 1311579357.594375
995614599.5983334 8.325220880926308 2.449253509778086e-16 4.047215063064644e-16 1.5979615532865583e-16 1.238500507929337e-16 1311579399.5983334
995614610.6671875 8.324646628476899 2.449253509778086e-16 5.372793051592336e-16 2.92353954181425e-16 1.3556930416262627e-16 1311579410.6671875
995614620.426875 8.305769486684046 2.449253509778086e-16 5.45794306162862e-16 3.008689551850534e-16 1.3644220075049054e-16 1311579420.426875
995614629.7612499 8.291936758564441 2.449253509778086e-16 4.0590253109913226e-16 1.6097718012132367e-16 1.2420784911693174e-16 1311579429.76125
995614639.3924999 8.291863569526772 2.449253509778086e-16 5.34251622565453e-16 2.8932627158764444e-16 1.3558027310437499e-16 1311579439.3925
995614650.9469047 8.29581014763497 2.449253509778086e-16 7.082775073329144e-16 4.633521563551058e-16 1.495894826939991e-16 1311579450.9469047
995614659.9112501 8.295061367480347 2.449253509778086e-16 6.786970562911522e-16 4.337717053133436e-16 1.473038545750049e-16 1311579459.91125
995614670.4730769 8.290028213659049 2.449253509778086e-16 4.3755453618393196e-16 1.9262918520612337e-16 1.2712141897770615e-16 1311579470.4730768
995614680.7773529 8.2978650706157 2.449253509778086e-16 5.717393292757688e-16 3.268139782979602e-16 1.3867576367119782e-16 1311579480.7773528
995614685.77 0.8249480907054129 2.449253509778086e-16 3.4079157751603116e-16 9.586622653822257e-17 3.7417364782489296e-16 1311579485.77
995614720.7900001 5.8217015329228685 2.449253509778086e-16 3.3646286892388075e-16 9.153751794607215e-17 1.4034685108709263e-16 1311579520.79
995614730.3161764 8.317068748115078 2.449253509778086e-16 5.651979688897242e-16 3.202726179119156e-16 1.3797265740179465e-16 1311579530.3161764
995614740.0046153 8.316325597886433 2.449253509778086e-16 4.38280400827618e-16 1.9335504984980942e-16 1.2698588086446854e-16 1311579540.0046153
995614751.2431817 8.309547167013008 2.449253509778086e-16 3.6807664528534215e-16 1.2315129430753356e-16 1.2052421711903517e-16 1311579551.2431817
995614758.9681816 8.313820280827734 2.449253509778086e-16 3.5929322885059246e-16 1.1436787787278387e-16 1.196535910383084e-16 1311579558.9681816
995614770.9984616 8.314400163203116 2.449253509778086e-16 4.445123221764702e-16 1.9958697119866158e-16 1.275625459303153e-16 1311579570.9984617
995614779.9671055 8.307193857955623 2.449253509778086e-16 6.428108819970467e-16 3.978855310192381e-16 1.4436844248520869e-16 1311579579.9671054
995614789.3833334 8.315925873142234 2.449253509778086e-16 3.0557345426939265e-16 6.064810329158406e-17 1.1436973299486038e-16 1311579589.3833334
995614799.9036111 8.30024652930296 2.449253509778086e-16 6.175272611135315e-16 3.726019101357229e-16 1.4240193958091792e-16 1311579599.9036112
995614808.528889 4.149407643086525 2.449253509778086e-16 6.170358557960932e-16 3.721105048182846e-16 2.0134799817023168e-16 1311579608.528889
995614849.4066666 7.469752340546382 2.449253509778086e-16 3.359545217112725e-16 9.102917073346391e-17 1.2384849561554686e-16 1311579649.4066668
995614862.0625 8.298247905581974 2.449253509778086e-16 2.6859266431007656e-16 2.3667313332267965e-17 1.10714715757259e-16 1311579662.0625
995614869.2152631 8.299959403078255 2.449253509778086e-16 6.423905902150745e-16 3.974652392372659e-16 1.4439788487342724e-16 1311579669.2152631
995614880.0871738 8.30052802560169 2.449253509778086e-16 7.743905800874971e-16 5.294652291096886e-16 1.5454600795467075e-16 1311579680.087174
995614889.8229998 8.298073377876761 2.449253509778086e-16 5.063151900322135e-16 2.6138983905440493e-16 1.3313792377940125e-16 1311579689.823
995614900.385 8.29833798439757 2.449253509778086e-16 4.4046770910826247e-16 1.9554235813045388e-16 1.273211486617136e-16 1311579700.385
995614911.0602942 8.297769361874131 2.449253509778086e-16 5.770662678214126e-16 3.32140916843604e-16 1.391176306965968e-16 1311579711.0602942
995614921.7341177 8.293614476504874 2.449253509778086e-16 5.725730201283409e-16 3.276476691505323e-16 1.38780434714329e-16 1311579721.7341177
995614931.0276923 8.284302578942878 2.449253509778086e-16 4.406426153502744e-16 1.9571726437246579e-16 1.2744476798770252e-16 1311579731.0276923
995614971.33625 6.6250425887039235 2.449253509778086e-16 6.771275300068237e-16 4.3220217902901513e-16 1.6469024511236988e-16 1311579771.3362498
995614979.3096668 8.278357377113693 2.449253509778086e-16 5.104349563639165e-16 2.6550960538610794e-16 1.3365217764426155e-16 1311579779.3096666
995614988.9246428 8.273920995445703 2.449253509778086e-16 4.77479779122382e-16 2.3255442814457346e-16 1.3081394930474324e-16 1311579788.9246428
995615000.5373528 8.267502879834652 2.449253509778086e-16 5.769513386125358e-16 3.3202598763472716e-16 1.3936252708403293e-16 1311579800.5373528
995615008.7266668 8.265374767816251 2.449253509778086e-16 3.0271697541141504e-16 5.779162443360645e-17 1.1443109702108554e-16 1311579808.726667
995615019.7378571 8.265374767816251 2.449253509778086e-16 2.418358882669096e-16 -3.0894627108989703e-18 1.0811406083992658e-16 1311579819.737857
995615029.5123076 8.261963032675641 2.449253509778086e-16 4.531005504341792e-16 2.081751994563706e-16 1.287395639599101e-16 1311579829.5123076
995615039.1852499 8.264046105286244 2.449253509778086e-16 6.873999990572521e-16 4.4247464807944355e-16 1.482594194467259e-16 1311579839.1852498
995615049.4527271 8.258804644203888 2.449253509778086e-16 3.7490494262082034e-16 1.2997959164301175e-16 1.215447897022232e-16 1311579849.452727
995615060.8850001 8.26026279503131 2.449253509778086e-16 4.854619113706759e-16 2.4053656039286726e-16 1.316245280824503e-16 1311579860.8850002
995615069.350625 8.257177595597227 2.449253509778086e-16 5.447400535063112e-16 2.9981470252850265e-16 1.3675401353606543e-16 1311579869.350625
995615078.5867856 5.778790237144425 2.449253509778086e-16 6.786809125856897e-16 4.337555616078811e-16 1.764825338676383e-16 1311579878.5867856
