light_curves/galex/3154386847406229004_LC.ecsv
# %ECSV 0.9
# ---
# datatype:
# - {name: t_mean, datatype: float64}
# - {name: exptime, datatype: float64}
# - {name: mcatbg_flux, datatype: float64}
# - {name: flux_acorr, datatype: float64}
# - {name: flux_mcatbgsub_acorr, datatype: float64}
# - {name: flux_mcatbgsub_err, datatype: float64}
# - {name: time, datatype: float64}
# meta: !!omap
# - __serialized_columns__:
#     time:
#       __class__: astropy.time.core.Time
#       format: unix
#       in_subfmt: '*'
#       out_subfmt: '*'
#       precision: 3
#       scale: utc
#       value: !astropy.table.SerializedColumn {name: time}
# schema: astropy-2.0
t_mean exptime mcatbg_flux flux_acorr flux_mcatbgsub_acorr flux_mcatbgsub_err time
992745340.5755556 7.39662523206223 2.4725742434665506e-16 3.1391717888222546e-16 6.66597545355704e-17 1.22418968680317e-16 1308710140.5755556
992745349.4458823 8.23220887389985 2.4725742434665506e-16 5.372359845244962e-16 2.8997856017784114e-16 1.3653850461361092e-16 1308710149.4458823
992745358.7883333 8.227372767487665 2.4725742434665506e-16 2.888925860911365e-16 4.163516174448144e-17 1.1354581519435354e-16 1308710158.7883334
992745368.9143751 8.23514206533262 2.4725742434665506e-16 2.5211294742742833e-16 4.855523080773264e-18 1.0967260279413313e-16 1308710168.914375
992745380.3008697 8.233667024727275 2.4725742434665506e-16 7.318338461048604e-16 4.845764217582054e-16 1.52152197985953e-16 1308710180.3008697
992745388.9836667 8.240940889086465 2.4725742434665506e-16 4.788558842763426e-16 2.3159845992968753e-16 1.314189405230476e-16 1308710188.9836667
992745400.337353 8.245596837867463 2.4725742434665506e-16 5.409524942115147e-16 2.936950698648596e-16 1.3674252794583516e-16 1308710200.337353
992745453.4849999 2.4821256292999396 2.4725742434665506e-16 5.314008986267997e-16 2.8414347428014464e-16 2.4775359263388387e-16 1308710253.485
992745461.3836668 8.278565684374753 2.4725742434665506e-16 4.765975745732424e-16 2.293401502265873e-16 1.3092127364853324e-16 1308710261.3836668
992745471.72875 4.964639723492127 2.4725742434665506e-16 4.27630333132617e-16 1.8037290878596193e-16 1.6339891950808258e-16 1308710271.72875
992745480.7296875 8.280220882611285 2.4725742434665506e-16 5.089708459338984e-16 2.6171342158724335e-16 1.3372791568764935e-16 1308710280.7296875
992745490.3569232 8.289825536323963 2.4725742434665506e-16 4.1326465138934965e-16 1.660072270426946e-16 1.2513580636900538e-16 1308710290.356923
992745500.3739475 8.285428564137797 2.4725742434665506e-16 6.035762309268613e-16 3.5631880658020624e-16 1.41602234430906e-16 1308710300.3739476
992745510.4147499 8.291948018416392 2.4725742434665506e-16 6.347852308190755e-16 3.8752780647242047e-16 1.4406170851357933e-16 1308710310.4147499
992745520.4297371 8.291356876189056 2.4725742434665506e-16 6.04324266163232e-16 3.570668418165769e-16 1.4161241195596337e-16 1308710320.429737
992745528.6283332 8.29267990879309 2.4725742434665506e-16 3.823326690700108e-16 1.3507524472335574e-16 1.2223612847441566e-16 1308710328.628333
992745536.4699999 1.6541305067099077 2.4725742434665506e-16 4.723816349209544e-16 2.251242105742993e-16 2.9205727012907703e-16 1308710336.4699998
992745584.4050001 1.6622438510054929 2.4725742434665506e-16 4.735135588554017e-16 2.2625613450874664e-16 2.9156660130346174e-16 1308710384.4050002
992745589.5075 8.312683035780863 2.4725742434665506e-16 3.789206456596712e-16 1.3166322131301615e-16 1.2176771572242762e-16 1308710389.5075002
992745600.5541176 8.309473977975339 2.4725742434665506e-16 5.379916317087847e-16 2.9073420736212967e-16 1.3596606569690123e-16 1308710400.5541177
992745610.128846 8.307886338850498 2.4725742434665506e-16 4.072851557969048e-16 1.6002773145024975e-16 1.244490274268787e-16 1308710410.1288462
992745620.7195 8.304772989786539 2.4725742434665506e-16 3.1485862521171e-16 6.760120086505494e-17 1.1562542609698505e-16 1308710420.7195
992745629.9080771 8.312615476669166 2.4725742434665506e-16 4.0943054474256474e-16 1.6217312039590968e-16 1.246114270532956e-16 1308710429.9080772
992745639.618125 8.316629613889061 2.4725742434665506e-16 5.053261122146792e-16 2.580686878680242e-16 1.3312108416618315e-16 1308710439.618125
992745650.8290001 8.310706931763775 2.4725742434665506e-16 3.1662527507910154e-16 6.936785073244648e-17 1.1575951433118984e-16 1308710450.829
992745659.3619047 8.323239146983248 2.4725742434665506e-16 6.662392247253801e-16 4.18981800378725e-16 1.4627719455328949e-16 1308710459.3619046
992745669.559375 5.822247014776226 2.4725742434665506e-16 3.644092482356339e-16 1.1715182388897886e-16 1.438541390623442e-16 1308710469.559375
992745724.47 0.8337201363400268 2.4725742434665506e-16 3.147051946166884e-16 6.744777027003335e-17 3.6487978541214266e-16 1308710524.47
992745729.0414999 8.329646002742347 2.4725742434665506e-16 6.193901280659584e-16 3.721327037193033e-16 1.425029777838649e-16 1308710529.0414999
992745739.64 8.32594151145106 2.4725742434665506e-16 4.3614938258150857e-16 1.888919582348535e-16 1.2694739099834565e-16 1308710539.6399999
992745750.5707142 8.332601713879017 2.4725742434665506e-16 4.3575434444706874e-16 1.8849692010041368e-16 1.2686098917862964e-16 1308710550.5707142
992745759.9242307 8.33457218797013 2.4725742434665506e-16 4.0680244858944336e-16 1.595450242427883e-16 1.2420514539170746e-16 1308710559.9242306
992745769.0607692 8.333142186772578 2.4725742434665506e-16 4.056609203714607e-16 1.5840349602480563e-16 1.2411051692348104e-16 1308710569.060769
992745780.2046876 8.332950769289443 2.4725742434665506e-16 5.023017393236811e-16 2.5504431497702606e-16 1.3272996375265826e-16 1308710580.2046876
992745789.5226666 8.33724077288209 2.4725742434665506e-16 4.707313067311841e-16 2.23473882384529e-16 1.2994405922896294e-16 1308710589.5226665
992745798.9425001 5.830922730703093 2.4725742434665506e-16 2.6732573883275296e-16 2.00683144860979e-17 1.3223264439601732e-16 1308710598.9425
992745840.9057692 6.662892581031197 2.4725742434665506e-16 5.013387215436383e-16 2.5408129719698323e-16 1.4834227538436345e-16 1308710640.9057693
992745850.5949999 8.326605842716061 2.4725742434665506e-16 4.3142096297034366e-16 1.841635386236886e-16 1.2651470935362325e-16 1308710650.5949998
992745859.7465386 8.32853690732535 2.4725742434665506e-16 4.023240539751543e-16 1.5506662962849926e-16 1.2383646232559528e-16 1308710659.7465386
992745870.7408333 4.996533254138267 2.4725742434665506e-16 3.0940709385609564e-16 6.214966950944058e-17 1.4836733994472478e-16 1308710670.7408333
992745880.1384375 8.330180845709936 2.4725742434665506e-16 4.964627100597089e-16 2.492052857130538e-16 1.322471899194385e-16 1308710680.1384375
992745889.0725001 8.33052990112036 2.4725742434665506e-16 4.349191110547754e-16 1.8766168670812034e-16 1.2680132999649772e-16 1308710689.0725002
992745898.8022221 8.337550418810695 2.4725742434665506e-16 2.796532036936944e-16 3.239577934703933e-17 1.1185158784197913e-16 1308710698.8022223
992745910.9772222 8.34048924016944 2.4725742434665506e-16 5.648445486120189e-16 3.175871242653638e-16 1.3795836640387587e-16 1308710710.9772222
992745918.8825002 8.336790378804123 2.4725742434665506e-16 5.634653031844546e-16 3.1620787883779953e-16 1.378745059608915e-16 1308710718.8825002
992745930.4679412 8.331661516241258 2.4725742434665506e-16 5.317801450206405e-16 2.845227206739854e-16 1.3525993357212408e-16 1308710730.4679413
992745935.2916666 0.8280107704355981 2.4725742434665506e-16 9.330708894792284e-16 6.858134651325734e-16 5.259183660591289e-16 1308710735.2916665
992745978.739643 4.952203217014223 2.4725742434665506e-16 7.265963235664599e-16 4.793388992198047e-16 1.9567433607493857e-16 1308710778.739643
992745989.8847827 8.255646255732133 2.4725742434665506e-16 7.322543756868095e-16 4.849969513401545e-16 1.5198151116937766e-16 1308710789.8847828
992745999.6746051 8.263702679801794 2.4725742434665506e-16 1.1936635951560046e-15 9.464061708093496e-16 1.836642949419771e-16 1308710799.6746051
992746009.1882144 8.25834299027397 2.4725742434665506e-16 4.3464456910514125e-16 1.8738714475848619e-16 1.2732940204195425e-16 1308710809.1882143
992746020.5673077 8.263922246914802 2.4725742434665506e-16 8.057840850072444e-16 5.585266606605894e-16 1.5739582425474428e-16 1308710820.5673077
992746025.4516667 2.4798054788322235 2.4725742434665506e-16 3.1065299635430993e-16 6.339557200765486e-17 2.10830215962656e-16 1308710825.4516668
995613632.141 5.782804374364319 2.449253509778086e-16 2.450803805864537e-16 1.55029608645113e-19 1.296676356152227e-16 1311578432.141
995613639.0077777 8.275581823608212 2.449253509778086e-16 6.140519641957646e-16 3.6912661321795603e-16 1.4233270880193147e-16 1311578439.0077777
995613649.7445832 8.276628989839487 2.449253509778086e-16 4.1460240927366883e-16 1.6967705829586024e-16 1.2512690377145454e-16 1311578449.7445831
995613658.56 8.277175092659025 2.449253509778086e-16 3.031225717564646e-16 5.8197220778656e-17 1.1439038544982668e-16 1311578458.56
995613669.4281578 8.278813401117635 2.449253509778086e-16 6.499127379809491e-16 4.049873870031405e-16 1.4518065055438963e-16 1311578469.4281578
995613679.4721054 8.283604468122025 2.449253509778086e-16 6.545764276197553e-16 4.0965107664194674e-16 1.4550836536090445e-16 1311578479.4721055
995613687.23125 3.308621949648369 2.449253509778086e-16 3.469430700759732e-16 1.020177190981646e-16 1.8778424536763183e-16 1311578487.23125
995613722.6416668 2.489163036768196 2.449253509778086e-16 3.384925631101744e-16 9.356721213236579e-17 2.1499744693204326e-16 1311578522.641667
995613730.5125 8.29653077815972 2.449253509778086e-16 3.400634757030543e-16 9.513812472524571e-17 1.1791710814924365e-16 1311578530.5125
995613739.6297058 8.31048173472479 2.449253509778086e-16 5.81647940724438e-16 3.3672258974662937e-16 1.3938914203135994e-16 1311578539.629706
995613749.5803845 8.30577511661002 2.449253509778086e-16 4.464287483713226e-16 2.0150339739351398e-16 1.2780116752636863e-16 1311578549.5803845
995613760.1717647 8.30286444488115 2.449253509778086e-16 5.750413420127317e-16 3.301159910349231e-16 1.3890749285376788e-16 1311578560.1717649
995613769.9100002 8.304108658521537 2.449253509778086e-16 4.744503073294406e-16 2.29524956351632e-16 1.3030906840100765e-16 1311578569.9100003
995613778.0922222 8.30865763870902 2.449253509778086e-16 3.086125255597425e-16 6.368717458193392e-17 1.1472440437613122e-16 1311578578.0922222
995613790.4159999 8.310290317241654 2.449253509778086e-16 5.155699940429517e-16 2.706446430651431e-16 1.3383646364930076e-16 1311578590.416
995613800.3638235 8.314501501870659 2.449253509778086e-16 5.849489087287325e-16 3.400235577509239e-16 1.3962704938372949e-16 1311578600.3638234
995613809.4946429 7.483179093029635 2.449253509778086e-16 5.345725788010033e-16 2.8964722782319468e-16 1.4274692495964825e-16 1311578609.4946427
995613853.69 1.6641411360589349 2.449253509778086e-16 3.411830421042127e-16 9.625769112640412e-17 2.63531088524363e-16 1311578653.69
995613859.8229166 8.328238521248696 2.449253509778086e-16 4.0988065576683916e-16 1.6495530478903057e-16 1.2430410155762193e-16 1311578659.8229165
995613869.4094443 8.331470098758121 2.449253509778086e-16 6.138453510801013e-16 3.689200001022927e-16 1.4183783099171641e-16 1311578669.4094443
995613879.8071876 8.33020899533981 2.449253509778086e-16 5.518202134416646e-16 3.06894862463856e-16 1.3674764955440665e-16 1311578679.8071876
995613889.0961539 8.327957024949965 2.449253509778086e-16 4.3952560500101927e-16 1.9460025402321068e-16 1.270095641170094e-16 1311578689.0961537
995613901.1229999 8.328508757695479 2.449253509778086e-16 3.40440756862982e-16 9.551540588517339e-17 1.1772724004167086e-16 1311578701.123
995613909.724375 8.330569310602185 2.449253509778086e-16 2.7058210263399243e-16 2.565675165618384e-17 1.1070577795907758e-16 1311578709.724375
995613919.6723332 8.332106280393251 2.449253509778086e-16 5.09398387705189e-16 2.644730367273804e-16 1.331312517047163e-16 1311578719.6723332
995613931.0934614 8.334082384410337 2.449253509778086e-16 4.372145232074419e-16 1.9228917222963332e-16 1.2675427855473647e-16 1311578731.0934615
995613936.90125 2.4931596632439876 2.449253509778086e-16 4.458744052356198e-16 2.0094905425781123e-16 2.3317417007017686e-16 1311578736.90125
995613974.2275 1.6675416113475967 2.449253509778086e-16 3.445563506967358e-16 9.96309997189272e-17 2.639945192076594e-16 1311578774.2275
995613980.6826924 8.336880457619717 2.449253509778086e-16 4.4095091489470623e-16 1.9602556391689764e-16 1.2707003196516668e-16 1311578780.6826925
995613990.0472221 8.343923495013946 2.449253509778086e-16 3.0576019666434355e-16 6.083484568653496e-17 1.1419639490375113e-16 1311578790.0472221
995613999.5494738 8.343152195155428 2.449253509778086e-16 6.480144961652634e-16 4.0308914518745476e-16 1.4446957113994684e-16 1311578799.5494738
995614010.5853573 8.340500500021388 2.449253509778086e-16 4.803064459720174e-16 2.353810949942088e-16 1.3053877235603231e-16 1311578810.5853572
995614019.8857694 8.342803139745001 2.449253509778086e-16 4.453234362078968e-16 2.003980852300882e-16 1.2741805397423417e-16 1311578819.8857694
995614030.1027274 8.346794757260998 2.449253509778086e-16 3.723027774546999e-16 1.2737742647689132e-16 1.2065612019383792e-16 1311578830.1027274
995614040.8335001 8.344345739462044 2.449253509778086e-16 3.3500849810758197e-16 9.008314712977338e-17 1.1708606802455559e-16 1311578840.8335001
995614051.3227273 8.344767983910138 2.449253509778086e-16 3.6841627845423934e-16 1.2349092747643075e-16 1.2030188914219907e-16 1311578851.3227272
995614058.113182 5.843967269186255 2.449253509778086e-16 5.299060905341933e-16 2.849807395563847e-16 1.610585862727757e-16 1311578858.113182
995614094.1925 0.8353753345765609 2.449253509778086e-16 6.776126066209025e-16 4.326872556430939e-16 4.63909472231281e-16 1311578894.1925
995614100.9795 8.339667270977147 2.449253509778086e-16 3.325863506925015e-16 8.766099971469292e-17 1.1688201589338056e-16 1311578900.9795
995614109.713333 8.345156448802387 2.449253509778086e-16 4.966274098812642e-16 2.5170205890345563e-16 1.3192472777714798e-16 1311578909.7133331
995614121.0905883 8.339729200162866 2.449253509778086e-16 5.69435020767416e-16 3.245096697896074e-16 1.381365115666794e-16 1311578921.0905883
995614129.76875 8.340241523426556 2.449253509778086e-16 2.6677509826896067e-16 2.184974729115208e-17 1.1024716095512351e-16 1311578929.76875
995614140.0406251 8.349722318767792 2.449253509778086e-16 2.663645602877004e-16 2.1439209309891813e-17 1.1014196060587148e-16 1311578940.040625
995614149.1060002 8.347943262159815 2.449253509778086e-16 6.725871571207159e-16 4.2766180614290735e-16 1.4636011000975139e-16 1311578949.1060002
995614159.3842857 8.347081883485702 2.449253509778086e-16 4.672138964313402e-16 2.2228854545353164e-16 1.2933510821049563e-16 1311578959.3842857
995614170.4635416 8.346699048519428 2.449253509778086e-16 8.08671722725926e-16 5.637463717481173e-16 1.5664045697054627e-16 1311578970.4635415
995614180.2316666 8.347785624232527 2.449253509778086e-16 4.0595180066448637e-16 1.6102644968667778e-16 1.2379621014667303e-16 1311578980.2316666
995614187.49 2.5031133723670904 2.449253509778086e-16 1.14905827535557e-16 -1.3001952344225158e-16 1.70053346043895e-16 1311578987.49
995614224.7 4.172102495656339 2.449253509778086e-16 6.956385229875233e-17 -1.7536149867905626e-16 1.2359460566686064e-16 1311579024.7
995614228.5867856 8.338659514227691 2.449253509778086e-16 4.801512870441296e-16 2.35225936066321e-16 1.3053957972164427e-16 1311579028.5867856
995614239.9340909 8.343512510417803 2.449253509778086e-16 3.7649220896916235e-16 1.3156685799135376e-16 1.2107625641308185e-16 1311579039.9340909
995614250.0955557 8.340652508022703 2.449253509778086e-16 6.022458344290847e-16 3.5732048345127614e-16 1.408204212829955e-16 1311579050.0955558
995614259.874 8.329454585259212 2.449253509778086e-16 4.961732114634026e-16 2.51247860485594e-16 1.3200960187250303e-16 1311579059.874
995614270.657143 8.322816902535152 2.449253509778086e-16 4.753535586675189e-16 2.3042820768971036e-16 1.302420728266646e-16 1311579070.657143
995614278.95 8.309119292638938 2.449253509778086e-16 5.414945710100924e-16 2.9656922003228383e-16 1.3605221429941434e-16 1311579078.95
995614288.3072727 8.306625235432186 2.449253509778086e-16 3.7177009416064047e-16 1.2684474318283188e-16 1.208968971675114e-16 1311579088.3072727
995614299.92625 8.325620605670505 2.449253509778086e-16 5.461636998053362e-16 3.0123834882752757e-16 1.3631050653784588e-16 1311579099.92625
995614308.4045455 6.6573915223878295 2.449253509778086e-16 4.645275273104069e-16 2.1960217633259828e-16 1.4455491844155233e-16 1311579108.4045455
