light_curves/galex/3190028616332214700_LC.ecsv
# %ECSV 0.9
# ---
# datatype:
# - {name: t_mean, datatype: float64}
# - {name: exptime, datatype: float64}
# - {name: mcatbg_flux, datatype: float64}
# - {name: flux_acorr, datatype: float64}
# - {name: flux_mcatbgsub_acorr, datatype: float64}
# - {name: flux_mcatbgsub_err, datatype: float64}
# - {name: time, datatype: float64}
# meta: !!omap
# - __serialized_columns__:
#     time:
#       __class__: astropy.time.core.Time
#       format: unix
#       in_subfmt: '*'
#       out_subfmt: '*'
#       precision: 3
#       scale: utc
#       value: !astropy.table.SerializedColumn {name: time}
# schema: astropy-2.0
t_mean exptime mcatbg_flux flux_acorr flux_mcatbgsub_acorr flux_mcatbgsub_err time
[from data line 112]
961998612.8586667 7.239478396871691 4.691462785051057e-16 5.415960405145633e-16 7.244976200945756e-17 1.662167550188114e-16 1277963412.8586667
961998619.7923529 7.238521309456009 4.691462785051058e-16 6.164625152278784e-16 1.473162367227725e-16 1.7206298831768145e-16 1277963419.792353
961998630.8442856 5.787517289977509 4.691462785051057e-16 6.363007909052433e-16 1.6715451240013755e-16 1.941195733456193e-16 1277963430.8442855
961998674.5545 3.6233761306154406 4.691462785051057e-16 7.229943121229366e-16 2.538480336178308e-16 2.5447116129676235e-16 1277963474.5545
961998681.7480556 7.248480648505086 4.691462785051057e-16 6.548920467339929e-16 1.8574576822888715e-16 1.7486244829440808e-16 1277963481.7480555
961998691.215625 7.25205565149896 4.691462785051057e-16 5.830162138556331e-16 1.1386993535052731e-16 1.6932272313595014e-16 1277963491.215625
961998701.7583333 7.245592496480112 4.691462785051057e-16 4.3457658808139076e-16 -3.4569690423714985e-17 1.5743462453697894e-16 1277963501.7583332
961998713.1700001 7.250524311633868 4.691462785051057e-16 7.921345989753857e-16 3.2298832047028e-16 1.8488090796678753e-16 1277963513.17
961998722.577353 7.254155613887487 4.691462785051057e-16 6.132372226065026e-16 1.4409094410139688e-16 1.7163043721641852e-16 1277963522.577353
961998732.3347058 7.260962194390786 4.691462785051057e-16 6.089402068326885e-16 1.3979392832758277e-16 1.7122045386408017e-16 1277963532.3347058
961998741.9275 7.26353507056118 4.691462785051057e-16 6.450424305406651e-16 1.7589615203555939e-16 1.739387564286982e-16 1277963541.9275
961998751.3092858 7.2675829873369215 4.691462785051057e-16 5.052792142129151e-16 3.6132935707809314e-17 1.6299518363785838e-16 1277963551.3092856
961998759.8499999 7.2637771573780885 4.691462785051057e-16 3.2639106204055954e-16 -1.427552164645462e-16 1.4792225671386698e-16 1277963559.85
961998768.7627778 2.1769492409542957 4.691462785051057e-16 1.0813306422446637e-15 6.12184363739558e-16 3.730914800171742e-16 1277963568.7627778
961998804.9933332 2.917049959228787 4.691462785051057e-16 8.103452229819047e-16 3.4119894447679895e-16 2.935141423908872e-16 1277963604.9933333
961998812.844 7.289123084115763 4.691462785051057e-16 5.379281930179444e-16 6.878191451283861e-17 1.6535961438612943e-16 1277963612.8439999
961998822.5821998 7.308039635390436 4.691462785051058e-16 9.015948568719563e-16 4.3244857836685047e-16 1.9175670076262158e-16 1277963622.5821998
961998833.9202632 7.323009608556913 4.691462785051057e-16 6.91094585966523e-16 2.219483074614173e-16 1.7666132969677393e-16 1277963633.9202633
961998842.00375 7.329771149652414 4.691462785051057e-16 8.627226742562265e-16 3.9357639575112075e-16 1.888105611975059e-16 1277963642.0037498
961998851.901579 7.326426973623498 4.691462785051057e-16 6.774745731662766e-16 2.0832829466117082e-16 1.7561280467130064e-16 1277963651.901579
961998861.108611 7.328054022230159 4.691462785051057e-16 6.42595434954831e-16 1.7344915644972523e-16 1.7298724079022815e-16 1277963661.108611
961998870.8611538 7.337838833574024 4.691462785051057e-16 4.613239622414688e-16 -7.822316263636914e-18 1.5864985568163942e-16 1277963670.8611538
961998881.816875 7.331015363292802 4.691462785051057e-16 5.649994471620873e-16 9.585316865698156e-17 1.670099779186155e-16 1277963681.816875
961998893.3744 7.331009733366828 4.691462785051057e-16 8.907790675222076e-16 4.216327890171019e-16 1.907192619111207e-16 1277963693.3744001
961998900.3026922 5.1174816214231615 4.691462785051057e-16 6.675383597918603e-16 1.9839208128675458e-16 2.0923960528416786e-16 1277963700.3026922
961998942.3953846 5.862204508922804 4.691462785051057e-16 5.708512328061807e-16 1.0170495430107491e-16 1.8727371685516193e-16 1277963742.3953846
961998952.2059523 7.3342525707282 4.691462785051057e-16 7.46894198718255e-16 2.7774792021314924e-16 1.8059194799635442e-16 1277963752.2059522
962004325.0718182 2.891760331750859 4.634014567545735e-16 9.840528686279985e-16 5.20651411873425e-16 3.1298494923793976e-16 1277969125.0718184
962004334.0666667 7.2037171070809976 4.634014567545735e-16 5.433609567583218e-16 7.995950000374829e-17 1.6627580245216294e-16 1277969134.0666666
962004341.530435 7.1551083262162525 4.634014567545735e-16 8.394462848773653e-16 3.760448281227918e-16 1.8903275313387654e-16 1277969141.530435
962004351.8840625 7.138759021185999 4.634014567545735e-16 5.826440121560255e-16 1.1924255540145198e-16 1.7014544303877402e-16 1277969151.8840625
962004362.2998078 7.154213167986291 4.634014567545735e-16 9.465747328565167e-16 4.831732761019432e-16 1.9645814482894456e-16 1277969162.2998078
962004372.3221428 7.137019374059847 4.634014567545735e-16 7.574803132073483e-16 2.9407885645277477e-16 1.8339032231034872e-16 1277969172.3221428
962004381.6470588 7.183105948087967 4.634014567545735e-16 6.108758387158241e-16 1.474743819612506e-16 1.7181640562674418e-16 1277969181.647059
962004393.6533332 7.224418344889622 4.634014567545735e-16 6.4363345825769995e-16 1.8023200150312644e-16 1.7383173563669276e-16 1277969193.6533332
962004401.4766668 7.250794548080649 4.634014567545735e-16 7.573884382897747e-16 2.9398698153520114e-16 1.8193916114186786e-16 1277969201.476667
962004410.5270834 5.072993946371829 4.634014567545735e-16 6.168658517001101e-16 1.5346439494553658e-16 2.0500108831750171e-16 1277969210.5270834
962004461.272222 6.462130709315389 4.634014567545735e-16 3.6087653265548443e-16 -1.0252492409908908e-16 1.5947033717929234e-16 1277969261.272222
962004471.5837499 7.132566102613933 4.634014567545735e-16 4.3584509586672214e-16 -2.7556360887851375e-17 1.5826070770008348e-16 1277969271.5837498
962004482.5952001 7.142711229220171 4.634014567545735e-16 9.03511996004187e-16 4.401105392496135e-16 1.9366797675692253e-16 1277969282.5952
962004491.6928948 7.184091185133522 4.634014567545735e-16 6.834524575050171e-16 2.200510007504436e-16 1.7732726752267261e-16 1277969291.692895
962004502.0259091 7.210191521951794 4.634014567545735e-16 3.928465025422242e-16 -7.055495421234933e-17 1.5374849067519358e-16 1277969302.025909
962004511.36 7.243126588903236 4.634014567545735e-16 8.595307076360472e-16 3.961292508814737e-16 1.892838644525874e-16 1277969311.3600001
962004521.8908334 7.196966825837445 4.634014567545735e-16 8.665454730819334e-16 4.031440163273599e-16 1.9037910447070193e-16 1277969321.8908334
962004533.2789285 7.18097220614359 4.634014567545735e-16 5.028303463075155e-16 3.942888955294201e-17 1.6327270270705283e-16 1277969333.2789285
962004542.0831819 7.167409714470766 4.634014567545735e-16 7.947066100173685e-16 3.31305153262795e-16 1.8568978112932214e-16 1277969342.0831819
962004548.6374999 1.443019542514151 4.634014567545735e-16 7.224355777958377e-16 2.590341210412642e-16 4.0212581425813904e-16 1277969348.6374998
962004585.095 2.1810484480299874 4.634014567545735e-16 2.454173404326451e-16 -2.1798411632192843e-16 2.554293898132827e-16 1277969385.095
962004591.4327271 7.261964321214265 4.634014567545735e-16 4.00700883178781e-16 -6.27005735757925e-17 1.5387169947474048e-16 1277969391.432727
962004602.2035418 7.27160275448279 4.634014567545736e-16 8.691898734097819e-16 4.057884166552083e-16 1.8958269910296447e-16 1277969402.2035418
962004610.5661362 7.261817943138925 4.634014567545736e-16 7.974414131867544e-16 3.3403995643218083e-16 1.846734993634376e-16 1277969410.5661364
962004623.0005555 7.263287353818298 4.634014567545735e-16 3.2427239639263956e-16 -1.3912906036193395e-16 1.4718649227293536e-16 1277969423.0005555
962004631.8347368 7.262397825514311 4.634014567545735e-16 6.923135176566001e-16 2.289120609020266e-16 1.770276172262082e-16 1277969431.8347368
962004641.7334999 7.267695585856413 4.634014567545735e-16 3.597222088564967e-16 -1.0367924789807679e-16 1.502720155735647e-16 1277969441.7335
962004651.02125 7.27730023956909 4.634014567545735e-16 2.867966802400896e-16 -1.766047765144839e-16 1.4366380617199367e-16 1277969451.02125
962004662.2358333 7.2787865400263865 4.634014567545735e-16 6.46869549149928e-16 1.834680923953545e-16 1.7342612267043374e-16 1277969462.2358332
962004671.3318751 7.2921688740680235 4.634014567545736e-16 5.76536172034806e-16 1.1313471528023235e-16 1.6787073261480418e-16 1277969471.331875
962004681.208 5.0985200307406915 4.634014567545735e-16 5.127079063445542e-16 4.9306449589980724e-17 1.9472026805826494e-16 1277969481.208
962004722.03125 7.289860604418435 4.634014567545734e-16 4.2608305701436047e-16 -3.7318399740212943e-17 1.557255170771388e-16 1277969522.03125
962004733.0160716 7.293289229336971 4.634014567545735e-16 4.960334256510629e-16 3.263196889648944e-17 1.6146074510796868e-16 1277969533.0160716
962004741.949 7.2910091093172555 4.634014567545735e-16 7.080289513308696e-16 2.4462749457629605e-16 1.7784033534329896e-16 1277969541.949
962004752.75875 7.299932541987005 4.634014567545735e-16 4.2592786639093946e-16 -3.747359036363405e-17 1.5560501312835595e-16 1277969552.75875
962004762.0725001 7.297567973077673 4.634014567545735e-16 7.822780255442555e-16 3.1887656878968196e-16 1.8314106281524892e-16 1277969562.0725002
962004770.6677778 7.2962280506957145 4.634014567545735e-16 6.403131086363071e-16 1.7691165188173357e-16 1.7272294448320459e-16 1277969570.6677778
962004780.9292308 7.302753134900283 4.634014567545735e-16 4.627534632249217e-16 -6.479935296518093e-19 1.5863798659286685e-16 1277969580.9292307
962004791.3776923 7.297866359154325 4.634014567545735e-16 4.63341234717448e-16 -6.022203712551437e-20 1.5873951670675883e-16 1277969591.3776922
962004800.8897916 7.2956988376541005 4.634014567545735e-16 8.525568367436752e-16 3.8915537998910173e-16 1.8811636119030788e-16 1277969600.8897915
962004811.4892106 7.308529438950227 4.634014567545735e-16 6.786249577029461e-16 2.1522350094837256e-16 1.7545226213604954e-16 1277969611.4892106
962004817.5860001 0.7263568270381215 4.634014567545735e-16 1.77679912275985e-15 1.3133976660052766e-15 7.734974328175051e-16 1277969617.586
962004851.185 0.7304835627775074 4.634014567545735e-16 1.075438054781742e-15 6.120365980271685e-16 6.416141900738939e-16 1277969651.185
962004865.3118751 3.6541098965108127 4.634014567545735e-16 5.66736395800666e-16 1.0333493904609248e-16 2.360625479137995e-16 1277969665.311875
962004872.0790001 7.300698211919552 4.634014567545735e-16 5.302893333487404e-16 6.688787659416687e-17 1.6412998310184084e-16 1277969672.079
962004882.5063637 7.308321131689166 4.634014567545735e-16 7.676174407743327e-16 3.0421598401975915e-16 1.819572308814748e-16 1277969682.5063639
962004891.9306667 7.30458286084203 4.634014567545735e-16 5.27452547841197e-16 6.405109108662348e-17 1.6386031814303822e-16 1277969691.9306667
962004902.8629411 7.315645665382128 4.634014567545735e-16 5.972042639720291e-16 1.3380280721745558e-16 1.6920212696999449e-16 1277969702.8629413
962004912.2928125 7.3183029904421435 4.634014567545735e-16 5.612517683301357e-16 9.785031157556215e-17 1.6637709214670634e-16 1277969712.2928123
962004922.3683333 7.310758889636171 4.634014567545735e-16 4.233095675551259e-16 -4.0091889199447616e-17 1.5526979424789665e-16 1277969722.3683333
962004932.2179545 7.319913149270879 4.634014567545735e-16 7.756165892274717e-16 3.1221513247289815e-16 1.8238577605711913e-16 1277969732.2179546
962004942.0934615 7.308073414946285 4.634014567545735e-16 4.561260302726166e-16 -7.275426481956884e-18 1.580335630433478e-16 1277969742.0934615
962004948.1599998 2.9251113922582435 4.634014567545735e-16 4.40521088462668e-16 -2.2880368291905486e-17 2.477461396411229e-16 1277969748.1599998
962004986.705 0.7356411959364246 4.634014567545735e-16 3.542793586962747e-16 -1.091220980582988e-16 4.708305161193167e-16 1277969786.705
962004993.2197059 7.351046639910448 4.634014567545735e-16 5.979244521155812e-16 1.3452299536100772e-16 1.6884959530841574e-16 1277969793.219706
962005002.6923333 7.3489973468556915 4.634014567545735e-16 5.261671101279968e-16 6.276565337342327e-17 1.632622061163747e-16 1277969802.6923332
962005012.5871736 7.351418215024772 4.634014567545735e-16 8.115116587752872e-16 3.4811020202071367e-16 1.8453705959087484e-16 1277969812.5871735
962005022.6494999 4.415029460073216 4.634014567545735e-16 5.903219691842787e-16 1.269205124297052e-16 2.1711967985146163e-16 1277969822.6495
962005031.7025001 7.35365329563669 4.634014567545734e-16 4.932807624299861e-16 2.987930567541268e-17 1.605743788068648e-16 1277969831.7025
962005043.2746875 7.356772274626621 4.634014567545735e-16 5.640841336277454e-16 1.0068267687317192e-16 1.6616277898714087e-16 1277969843.2746875
962005053.1345834 7.357926409451415 4.634014567545735e-16 4.1859154856320827e-16 -4.480990819136524e-17 1.5437545180326292e-16 1277969853.1345835
962005061.6059525 7.355026997574495 4.634014567545735e-16 7.382642842577227e-16 2.748628275031492e-16 1.792665386652519e-16 1277969861.6059525
962005070.9596875 7.357188889148743 4.634014567545735e-16 5.605112788640079e-16 9.710982210943442e-17 1.6587893006577408e-16 1277969870.9596875
962005081.6625 7.352195144809267 4.634014567545735e-16 5.626680419739355e-16 9.926658521936196e-17 1.6610387400174913e-16 1277969881.6625
962005087.3975 0.7304779328515327 4.634014567545735e-16 7.181928016061073e-16 2.547913448515338e-16 5.642085133737047e-16 1277969887.3975
962005133.2911538 5.12455905933942 4.634014567545735e-16 6.545116291248393e-16 1.9111017237026574e-16 2.0737561817997843e-16 1277969933.291154
962005141.5997727 7.320436732386517 4.634014567545735e-16 7.754006070427726e-16 3.119991502881991e-16 1.8236381499159427e-16 1277969941.5997727
962005151.57625 7.329827448912161 4.634014567545735e-16 5.622239742858351e-16 9.882251753126161e-17 1.6632236527170882e-16 1277969951.57625
962005160.8065383 5.133684548378078 4.634014567545735e-16 6.462515368996218e-16 1.8285008014504834e-16 2.0644881203902578e-16 1277969960.8065383
962005219.735 0.7313505713775965 4.634014567545735e-16 1.0487417579061315e-15 5.85340301151558e-16 6.357781687097179e-16 1277970019.7350001
962005264.9694445 2.1787626980842973 4.634014567545735e-16 1.0502325060113335e-15 5.8683104925676e-16 3.6852957071098926e-16 1277970064.9694445
962005273.8295653 7.2637771573780885 4.634014567545735e-16 8.07037623430277e-16 3.4363616667570346e-16 1.853301021916029e-16 1277970073.8295653
962005282.2386538 7.273837835094708 4.634014567545735e-16 9.152602664104385e-16 4.51858809655865e-16 1.9271585033825013e-16 1277970082.2386537
962005291.38375 7.270032005135874 4.634014567545735e-16 7.084457651512648e-16 2.4504430839669134e-16 1.7812744074424448e-16 1277970091.38375
962005302.0901613 7.274631654657129 4.634014567545735e-16 1.0998770495040798e-15 6.364755927495063e-16 2.0488774005615043e-16 1277970102.0901613
962005312.1613463 7.278561342987403 4.634014567545735e-16 1.8227969721262942e-15 1.3593955153717207e-15 2.468050670954876e-16 1277970112.1613464
962005322.2032692 7.283217291768401 4.634014567545735e-16 9.057901345273166e-16 4.4238867777274305e-16 1.9194635440227478e-16 1277970122.2032692
962005329.1112499 2.907850039220103 4.634014567545735e-16 1.0421069233455059e-15 5.787054665909324e-16 3.181634222459843e-16 1277970129.11125
962010365.6168749 2.160105123404455 4.3814671254352163e-16 8.844897700017462e-16 4.463430574582246e-16 3.4631530489338464e-16 1277975165.616875
962010372.562857 7.217048771788862 4.3814671254352163e-16 4.646850524219722e-16 2.6538339878450523e-17 1.5746455574153997e-16 1277975172.5628572
962010381.8681816 7.166576485426525 4.3814671254352163e-16 7.347465231703608e-16 2.9659981062683914e-16 1.7933746038600696e-16 1277975181.8681817
962010391.0692858 7.190165875260122 4.3814671254352163e-16 4.663818489929342e-16 2.823513644941258e-17 1.579013352181501e-16 1277975191.0692859
962010403.1631818 7.262921408629949 4.3814671254352163e-16 3.6482486990239295e-16 -7.332184264112869e-17 1.4837218801887482e-16 1277975203.1631818
962010412.4778574 7.254273842332955 4.3814671254352163e-16 4.673657308654576e-16 2.921901832193601e-17 1.5728438980616966e-16 1277975212.4778574
