light_curves/galex/3190028616332214700_LC.ecsv
# %ECSV 0.9
# ---
# datatype:
# - {name: t_mean, datatype: float64}
# - {name: exptime, datatype: float64}
# - {name: mcatbg_flux, datatype: float64}
# - {name: flux_acorr, datatype: float64}
# - {name: flux_mcatbgsub_acorr, datatype: float64}
# - {name: flux_mcatbgsub_err, datatype: float64}
# - {name: time, datatype: float64}
# meta: !!omap
# - __serialized_columns__:
#     time:
#       __class__: astropy.time.core.Time
#       format: unix
#       in_subfmt: '*'
#       out_subfmt: '*'
#       precision: 3
#       scale: utc
#       value: !astropy.table.SerializedColumn {name: time}
# schema: astropy-2.0
t_mean exptime mcatbg_flux flux_acorr flux_mcatbgsub_acorr flux_mcatbgsub_err time
[from data line 224]
962010431.9665788 7.240716980586105 4.3814671254352163e-16 6.37655174265535e-16 1.9950846172201334e-16 1.7109461892615988e-16 1277975231.966579
962010442.3336364 7.241392571703057 4.3814671254352163e-16 3.6811367077119245e-16 -7.003304177232918e-17 1.4888397124475308e-16 1277975242.3336363
962010452.2638462 7.2459584416684635 4.3814671254352163e-16 4.368996498182013e-16 -1.2470627253203257e-18 1.5480404437433756e-16 1277975252.2638462
962010458.7841667 2.8963086909721616 4.3814671254352163e-16 1.0005025328531096e-15 5.62355820309588e-16 3.1159827542122913e-16 1277975258.7841668
962010514.39125 3.640198349427562 4.3814671254352163e-16 7.929615739908062e-16 3.5481486144728455e-16 2.57624700440975e-16 1277975314.3912501
962010522.6878947 7.282035007313734 4.3814671254352163e-16 6.270227389454555e-16 1.8887602640193382e-16 1.6978987477464302e-16 1277975322.6878948
962010531.3671739 7.282491031317678 4.3814671254352163e-16 7.628288119321491e-16 3.246820993886274e-16 1.799610627261732e-16 1277975331.367174
962010541.4789999 7.291296235541961 4.3814671254352163e-16 6.593593389149956e-16 2.21212626371474e-16 1.7215816599056601e-16 1277975341.4789999
962010552.2690002 7.282704968504712 4.3814671254352163e-16 4.964157900256634e-16 5.826907748214174e-17 1.5938356345811388e-16 1277975352.269
962010561.7959526 7.283054023915137 4.3814671254352163e-16 6.982366446176035e-16 2.600899320740819e-16 1.7518786606188094e-16 1277975361.7959526
962010571.5392857 7.287006231949311 4.3814671254352163e-16 4.656465111028182e-16 2.7499798559296564e-17 1.5678720665014234e-16 1277975371.5392857
962010581.4940625 7.29020965982886 4.3814671254352163e-16 5.348105063144626e-16 9.666379377094094e-17 1.6242582343568828e-16 1277975381.4940624
962010591.3861763 7.281117329379874 4.3814671254352163e-16 5.681651442030208e-16 1.300184316594992e-16 1.6519507211672205e-16 1277975391.3861763
962010597.4325 0.72545040895621 4.3814671254352163e-16 6.607448893979288e-16 2.2259817685440717e-16 5.461245429643619e-16 1277975397.4325
962010645.535 2.1879507372748535 4.3814671254352163e-16 4.344538281881403e-16 -3.6928843553813154e-18 2.8133703868673675e-16 1277975445.5349998
962010651.5719047 7.27523405673641 4.3814671254352163e-16 6.959770263003317e-16 2.5783031375681e-16 1.7511281599241062e-16 1277975451.5719047
962010663.3104545 7.284174379184085 4.3814671254352163e-16 3.631686188005819e-16 -7.497809374293973e-17 1.480090485492808e-16 1277975463.3104544
962010672.4925001 7.286966822467489 4.3814671254352163e-16 5.27533357438472e-16 8.938664489495037e-17 1.6187429459575505e-16 1277975472.4925
962010681.87 7.286769775058377 4.3814671254352163e-16 5.276567268202251e-16 8.951001427670349e-17 1.6188646387235526e-16 1277975481.87
962010692.6365626 7.289004855670296 4.3814671254352163e-16 5.289487807650166e-16 9.080206822149493e-17 1.6196611618419298e-16 1277975492.6365626
962010701.591875 7.280300990113556 4.3814671254352163e-16 5.290573595856801e-16 9.09106470421585e-17 1.6207168723597847e-16 1277975501.591875
962010712.2178125 7.297151358555549 4.3814671254352163e-16 5.266103413674131e-16 8.846362882389147e-17 1.616866537173652e-16 1277975512.2178125
962010722.1247729 7.294415214531891 4.3814671254352163e-16 7.239625992265894e-16 2.8581588668306775e-16 1.7696357596967615e-16 1277975522.124773
962010729.4820833 3.6415545406212626 4.3814671254352163e-16 7.880118662931149e-16 3.498651537495933e-16 2.5707265112075325e-16 1277975529.4820833
962010784.3685713 5.114520901326698 4.3814671254352163e-16 3.266461966058839e-16 -1.1150051593763775e-16 1.7273360991732086e-16 1277975584.3685713
962010791.2109998 7.31271247394936 4.3814671254352163e-16 3.27840054063873e-16 -1.1030665847964861e-16 1.4456530352364976e-16 1277975591.211
962010801.0296668 7.314159364924833 4.3814671254352163e-16 4.907113259860517e-16 5.256461344253004e-17 1.58571813844421e-16 1277975601.029667
962010812.4741178 7.3130784191377085 4.3814671254352163e-16 5.547343094937322e-16 1.1658759695021057e-16 1.6376698336889947e-16 1277975612.4741178
962010821.965625 7.311614638384311 4.3814671254352163e-16 5.199853618768742e-16 8.183864933335254e-17 1.6099045230979974e-16 1277975621.965625
962010832.5734092 7.322288978032163 4.3814671254352163e-16 7.135199875888295e-16 2.7537327504530786e-16 1.7585421537384596e-16 1277975632.573409
962010842.0060525 7.322182009438646 4.3814671254352163e-16 6.189555208108395e-16 1.8080880826731784e-16 1.6870168307381183e-16 1277975642.0060525
962010852.88 7.319130589560411 4.3814671254352163e-16 3.556494738057059e-16 -8.249723873781571e-17 1.4698971987409321e-16 1277975652.88
962010861.2325 5.847813797165534 4.3814671254352163e-16 3.2689496553288236e-16 -1.1125174701063927e-16 1.6156605173454881e-16 1277975661.2325
962010913.9786665 5.116772871716542 4.3814671254352163e-16 7.197012014472244e-16 2.815544889037028e-16 2.109145465787571e-16 1277975713.9786665
962010922.5114286 7.323285474929668 4.3814671254352163e-16 2.3443231064554867e-16 -2.0371440189797297e-16 1.3577397641281235e-16 1277975722.5114286
962010931.615 7.324377680568742 4.3814671254352163e-16 4.2531357348937875e-16 -1.2833139054142887e-17 1.52989561743602e-16 1277975731.615
962010942.0025 7.310533692597186 4.3814671254352163e-16 5.294915374028581e-16 9.134482485933643e-17 1.617712549486401e-16 1277975742.0025
962010952.1278574 7.306491405747421 4.3814671254352163e-16 6.946561656500288e-16 2.565094531065072e-16 1.7463908960418744e-16 1277975752.1278574
962010961.1260525 7.305725735814875 4.3814671254352163e-16 6.236523976117819e-16 1.855056850682603e-16 1.6925444969546957e-16 1277975761.1260524
962010972.6560526 7.302770024678206 4.3814671254352163e-16 6.230069092515432e-16 1.8486019670802154e-16 1.6923886495503655e-16 1277975772.6560526
962010982.2825 7.3072852253098395 4.3814671254352163e-16 5.253118503336772e-16 8.71651377901556e-17 1.6146951357022938e-16 1277975782.2825
962010992.7114999 7.308349281319041 4.3814671254352163e-16 6.589806441019573e-16 2.2083393155843565e-16 1.7192843617826042e-16 1277975792.7115
962010999.1483334 2.9178769373808753 4.3814671254352163e-16 7.416063479220866e-16 3.03459635378565e-16 2.8185345982086177e-16 1277975799.1483335
962011042.0079412 6.562433470478961 4.3814671254352163e-16 6.216958461187573e-16 1.8354913357523566e-16 1.7842328299960304e-16 1277975842.0079412
962011051.9749999 7.287895760253299 4.3814671254352163e-16 3.9466411701984944e-16 -4.348259552367219e-17 1.5073257810146926e-16 1277975851.975
962011061.9620588 7.2909471801315355 4.3814671254352163e-16 5.61324052083833e-16 1.2317733954031132e-16 1.6454038116129946e-16 1277975861.9620588
962011071.9127778 7.290322258348354 4.3814671254352163e-16 8.890626252725308e-16 4.509159127290091e-16 1.888278599149146e-16 1277975871.912778
962011081.3000001 7.294319505790323 4.3814671254352163e-16 5.945162310114269e-16 1.5636951846790527e-16 1.6712123139513223e-16 1277975881.3000002
962011092.5086365 7.293356788448666 4.3814671254352163e-16 3.695518309481087e-16 -6.859488159541296e-17 1.484794224114186e-16 1277975892.5086365
962011101.44925 7.290215289754835 4.3814671254352163e-16 6.66438729568217e-16 2.282920170246953e-16 1.727083317946063e-16 1277975901.44925
962011112.555 7.2859140263102375 4.3814671254352163e-16 4.017958589582849e-16 -3.635085358523672e-17 1.513714301426517e-16 1277975912.5549998
962011122.5353125 7.297522933669875 4.3814671254352163e-16 5.294924007602394e-16 9.134568821671773e-17 1.619154714994451e-16 1277975922.5353127
962011130.9953845 5.830332877014383 4.3814671254352163e-16 5.35489606839034e-16 9.734289429551235e-17 1.8168735273046535e-16 1277975930.9953845
962011174.5150001 3.637552284219497 4.3814671254352163e-16 7.282532074480569e-16 2.901064949045353e-16 2.5104498750707956e-16 1277975974.515
962011182.4435002 7.272582361602371 4.3814671254352163e-16 6.612236097187001e-16 2.230768971751784e-16 1.7252137587499346e-16 1277975982.4435
962011192.681875 7.278251697058798 4.3814671254352163e-16 5.296187989550187e-16 9.147208641149704e-17 1.621399099790367e-16 1277975992.681875
962011201.2572223 7.274614764879202 4.3814671254352163e-16 5.96856952316795e-16 1.5871023977327336e-16 1.6753080415440342e-16 1277976001.2572222
962011212.025 7.271315628258086 4.3814671254352163e-16 3.642564200515235e-16 -7.389029249199814e-17 1.4823620159092094e-16 1277976012.025
962011223.1309524 7.27767744460939 4.3814671254352163e-16 6.932193458981115e-16 2.5507263335458987e-16 1.7487676340684135e-16 1277976023.1309524
962011230.3129413 7.281697211755258 4.3814671254352163e-16 5.616926925169686e-16 1.2354597997344693e-16 1.6467419647828097e-16 1277976030.3129413
962011241.7388095 7.291966196732939 4.3814671254352163e-16 6.893667187595978e-16 2.5122000621607614e-16 1.744165090469048e-16 1277976041.7388096
962011252.6741667 7.28393792229315 4.3814671254352163e-16 3.9347151639080885e-16 -4.467519615271279e-17 1.5066985834406546e-16 1277976052.6741667
962011261.6333333 7.282716228356661 4.3814671254352163e-16 4.922358175403553e-16 5.408910499683368e-17 1.590394172573656e-16 1277976061.6333332
962011268.8900001 2.1812617642508436 4.3814671254352163e-16 7.681126814234763e-16 3.299659688799547e-16 3.2952711315156665e-16 1277976068.89
962011312.2030952 7.2530352586185405 4.3814671254352163e-16 6.97466109555258e-16 2.593193970117363e-16 1.7549226463433638e-16 1277976112.2030952
962011321.1520313 7.271827951521774 4.3814671254352163e-16 1.063742553957127e-15 6.255958414136053e-16 2.0082665521453557e-16 1277976121.1520314
962011331.1841666 7.247197025382875 4.3814671254352163e-16 8.026495651517701e-16 3.645028526082485e-16 1.8328230698482075e-16 1277976131.1841664
962011342.2522727 7.201059782020983 4.3814671254352163e-16 3.6875579287813433e-16 -6.93909196653873e-17 1.4935731985858225e-16 1277976142.2522726
962011352.3172221 7.219154364103366 4.3814671254352163e-16 5.960178357436953e-16 1.578711232001737e-16 1.6810712193081088e-16 1277976152.317222
962011362.5133332 7.174914405794915 4.3814671254352163e-16 5.004096772675537e-16 6.226296472403206e-17 1.609068006283268e-16 1277976162.5133333
962011371.6699998 7.153475647683617 4.3814671254352163e-16 6.730237056939954e-16 2.348769931504738e-16 1.74854305007958e-16 1277976171.6699998
962011382.7149999 7.149500919945547 4.3814671254352163e-16 6.017030567415269e-16 1.635563441980053e-16 1.693726494028249e-16 1277976182.715
962011392.79275 7.154866239399345 4.3814671254352163e-16 6.750448769839764e-16 2.368981644404548e-16 1.749914317494895e-16 1277976192.79275
962011402.2121428 7.263822196785884 4.3814671254352163e-16 4.665532013299963e-16 2.8406488786474654e-17 1.5711305189272166e-16 1277976202.212143
962011454.5455556 3.637422795922082 4.3814671254352163e-16 5.924222721798034e-16 1.5427555963628175e-16 2.3642899206261224e-16 1277976254.5455556
962011461.3768423 7.272801928715381 4.3814671254352163e-16 6.347601036382525e-16 1.9661339109473086e-16 1.7049413624092342e-16 1277976261.3768423
962011472.36375 7.223495037029787 4.3814671254352163e-16 4.025293482810602e-16 -3.5617364262461454e-17 1.5208775889112614e-16 1277976272.36375
962011481.4428126 7.178320511009551 4.3814671254352163e-16 5.354699186007768e-16 9.732320605725519e-17 1.637403483993259e-16 1277976281.4428124
962011491.8997369 7.1846429178790325 4.3814671254352163e-16 6.350734157952903e-16 1.9692670325176864e-16 1.7156122792269117e-16 1277976291.899737
962011502.4457896 7.164724239780879 4.3814671254352163e-16 6.33395062782933e-16 1.9524835023941141e-16 1.7166937227892336e-16 1277976302.4457896
962011513.1477271 7.1562117917072765 4.3814671254352163e-16 7.367937445665621e-16 2.986470320230404e-16 1.7961933770503912e-16 1277976313.147727
962011520.6522222 7.159409589660851 4.3814671254352163e-16 3.0150920206148424e-16 -1.366375104820374e-16 1.4368262408083653e-16 1277976320.6522222
962011532.4364284 7.173298617040204 4.3814671254352163e-16 4.692963679574939e-16 3.114965541397225e-17 1.5833194447458705e-16 1277976332.4364285
962011538.7707142 2.8673933911665874 4.3814671254352163e-16 5.873254158608164e-16 1.4917870331729478e-16 2.656516949630102e-16 1277976338.7707143
962016172.9478126 5.7807451099962375 4.3757783261873007e-16 6.706939258841687e-16 2.331160932654386e-16 1.9426046376782531e-16 1277980972.9478126
962016181.8888235 7.229124963004391 4.3757783261873007e-16 5.696482308644929e-16 1.320703982457628e-16 1.6585723965928047e-16 1277980981.8888235
962016191.877647 7.230262208051262 4.3757783261873007e-16 5.684940389692943e-16 1.3091620635056424e-16 1.6575231434245481e-16 1277980991.877647
962016202.2700001 7.237305245445493 4.3757783261873007e-16 5.017975679306452e-16 6.421973531191514e-17 1.602754117084903e-16 1277981002.27
962016213.8672729 7.231438862579954 4.3757783261873007e-16 3.703253713635675e-16 -6.725246125516256e-17 1.4912784956436915e-16 1277981013.8672729
962016221.0477499 7.230290357681135 4.3757783261873007e-16 6.727275867063748e-16 2.351497540876447e-16 1.7385391650723272e-16 1277981021.04775
962016233.089375 7.239557215835336 4.3757783261873007e-16 2.6864404677056864e-16 -1.6893378584816143e-16 1.3976237784566708e-16 1277981033.089375
962016238.7711111 2.8927280580523123 4.3757783261873007e-16 7.567263055678387e-16 3.191484729491086e-16 2.847614907044245e-16 1277981038.771111
962016275.5074999 2.174089859525375 4.3757783261873007e-16 8.765234941987616e-16 4.3894566158003155e-16 3.4410692220183996e-16 1277981075.5075
962016282.4855262 7.25219076972235 4.3757783261873007e-16 6.270730008027339e-16 1.8949516818400384e-16 1.7009526957375312e-16 1277981082.485526
962016291.128846 7.239895011393812 4.3757783261873007e-16 4.293025768867135e-16 -8.27525573201655e-18 1.5416841828271737e-16 1277981091.1288462
962016302.0899998 7.2561260879786 4.3757783261873007e-16 3.9388406349041793e-16 -4.369376912831214e-17 1.5094077902511305e-16 1277981102.0899997
962016312.3372917 7.25726333302547 4.3757783261873007e-16 7.844154533699908e-16 3.468376207512607e-16 1.8179692760420411e-16 1277981112.3372917
962016322.0632353 7.257032506060511 4.3757783261873007e-16 5.585768244934846e-16 1.2099899187475454e-16 1.6465619117525934e-16 1277981122.0632353
962016331.6146156 7.258186640885306 4.3757783261873007e-16 4.29383462371717e-16 -8.19437024701305e-18 1.5398093955897757e-16 1277981131.6146154
962016341.61375 7.259295736302303 4.3757783261873007e-16 3.9872102880197825e-16 -3.885680381675182e-17 1.5132859119869344e-16 1277981141.61375
962016350.6213638 6.522398445907362 4.3757783261873007e-16 8.212050737163879e-16 3.8362724109765783e-16 1.945516622280541e-16 1277981150.6213636
962016364.523889 5.020422318587142 4.3757783261873007e-16 4.2985273171993097e-16 -7.725100898799099e-18 1.851927105910503e-16 1277981164.523889
962016371.018 6.446450744509933 4.3757783261873007e-16 3.735720988122548e-16 -6.400573380647525e-17 1.5825078471957007e-16 1277981171.0180001
962016414.2492307 3.640845790914642 4.3757783261873007e-16 8.507363157213434e-16 4.131584831026133e-16 2.6335363032302653e-16 1277981214.2492309
962016421.3905262 7.290254699236658 4.3757783261873007e-16 6.191767428179725e-16 1.8159891019924243e-16 1.6904027616131434e-16 1277981221.3905263
962016432.6982142 7.287473515805203 4.3757783261873007e-16 4.620395184925072e-16 2.4461685873777147e-17 1.5642923014545412e-16 1277981232.698214
962016441.6720002 7.300771400957221 4.3757783261873007e-16 4.950330515752208e-16 5.745521895649077e-17 1.5902219473286497e-16 1277981241.6720002
962016451.9023684 7.297534193521823 4.3757783261873007e-16 6.288849594514026e-16 1.9130712683267255e-16 1.6970568101714127e-16 1277981251.9023685
962016461.1574999 7.306677193304583 4.3757783261873007e-16 6.605721381527109e-16 2.2299430553398085e-16 1.720223374995789e-16 1277981261.1574998
962016471.9247059 7.305872113890214 4.3757783261873007e-16 5.569031942844688e-16 1.1932536166573872e-16 1.6397163924022208e-16 1277981271.924706
