light_curves/galex/3190028616332214857_LC.ecsv
# %ECSV 0.9
# ---
# datatype:
# - {name: t_mean, datatype: float64}
# - {name: exptime, datatype: float64}
# - {name: mcatbg_flux, datatype: float64}
# - {name: flux_acorr, datatype: float64}
# - {name: flux_mcatbgsub_acorr, datatype: float64}
# - {name: flux_mcatbgsub_err, datatype: float64}
# - {name: time, datatype: float64}
# meta: !!omap
# - __serialized_columns__:
#     time:
#       __class__: astropy.time.core.Time
#       format: unix
#       in_subfmt: '*'
#       out_subfmt: '*'
#       precision: 3
#       scale: utc
#       value: !astropy.table.SerializedColumn {name: time}
# schema: astropy-2.0
t_mean exptime mcatbg_flux flux_acorr flux_mcatbgsub_acorr flux_mcatbgsub_err time
[from data line 1006]
962046073.106875 7.262054400029861 4.70397676861113e-16 3.0252056848598944e-16 -1.678771083751236e-16 1.4592576009886368e-16 1278010873.106875
962046079.4275 1.4493475793096076 4.703976768611129e-16 3.852199365418935e-16 -8.517774031921942e-17 3.4290962288483135e-16 1278010879.4275
962046117.3715854 1.4580914753143488 4.703976768611129e-16 1.555348349217191e-14 1.5083085815310796e-14 1.4499480197486983e-15 1278010917.3715854
962046123.1539521 7.2917466296199285 4.703976768611129e-16 7.601032504224391e-14 7.55399273653828e-14 1.4152135194459218e-15 1278010923.1539521
962046132.893522 7.295957814248933 4.703976768611129e-16 7.830039804622082e-14 7.78300003693597e-14 1.435820475099382e-15 1278010932.893522
962046139.6453017 7.297967697821868 4.703976768611128e-16 8.781982043379489e-15 8.311584366518377e-15 4.928964150459898e-16 1278010939.6453018
962046153.4775001 7.307808808425477 4.703976768611129e-16 6.73946526317603e-16 2.0354884945649006e-16 1.7567458999365765e-16 1278010953.4775
962046163.4863335 7.320949055650208 4.703976768611129e-16 5.563216236786848e-16 8.592394681757192e-17 1.6655228765885482e-16 1278010963.4863334
962046172.149 7.3255712248753575 4.703976768611129e-16 5.615469717056388e-16 9.114929484452591e-17 1.6690806359418593e-16 1278010972.1490002
962046182.9384375 7.333053396495609 4.703976768611129e-16 5.991933506212974e-16 1.2879567376018442e-16 1.6973421958456428e-16 1278010982.9384375
962046194.5670834 7.331707844187678 4.703976768611129e-16 4.473021281748678e-16 -2.3095548686245083e-17 1.5767361732205223e-16 1278010994.5670834
962046202.2546153 7.328515676160077 4.703976768611129e-16 4.862478951694303e-16 1.5850218308317382e-17 1.608914976451006e-16 1278011002.2546153
962046212.398889 5.84630497700434 4.703976768611129e-16 4.2025968062028627e-16 -5.013799624082666e-17 1.7405374088854226e-16 1278011012.398889
962046254.995625 4.39220011024619 4.703976768611129e-16 5.087112980287839e-16 3.831362116767099e-17 2.1016137530494113e-16 1278011054.995625
962046262.4708334 7.316732241095228 4.703976768611129e-16 4.516819309315614e-16 -1.87157459295515e-17 1.5819640382641113e-16 1278011062.4708333
962046272.9879999 7.320205905421559 4.703976768611129e-16 3.7865200486313183e-16 -9.17456719979811e-17 1.5202015926434318e-16 1278011072.988
962046283.5215385 7.323330514337465 4.703976768611129e-16 9.818449963047906e-16 5.114473194436777e-16 1.9702922059573058e-16 1278011083.5215385
962046292.2946428 7.32563315406108 4.70397676861113e-16 5.31792511602935e-16 6.139483474182201e-17 1.6456870177003823e-16 1278011092.294643
962046302.2233331 7.328239809787322 4.703976768611129e-16 6.824005342869248e-16 2.1200285742581184e-16 1.7605595262501284e-16 1278011102.2233331
962046312.6736363 7.330694457512249 4.703976768611129e-16 4.145687298853015e-16 -5.582894697581145e-17 1.549586226570278e-16 1278011112.6736364
962046323.2723076 7.325103941019465 4.703976768611129e-16 4.893060438438443e-16 1.8908366982731326e-17 1.6117633822687824e-16 1278011123.2723076
962046332.4622728 7.323077167668609 4.703976768611129e-16 4.160246711963315e-16 -5.437300566478145e-17 1.5516151993842173e-16 1278011132.4622726
962046342.7286668 7.332501663750097 4.703976768611129e-16 5.626065718004204e-16 9.220889493930748e-17 1.6691180726021937e-16 1278011142.7286668
962046350.5187501 2.9290804900703398 4.703976768611129e-16 3.8279457927506584e-16 -8.760309758604709e-17 2.4088496000483047e-16 1278011150.5187502
962046385.7978572 1.4686244458466569 4.703976768611129e-16 1.3055110453187509e-15 8.35113368457638e-16 4.854299103321921e-16 1278011185.7978573
962046395.359375 5.133257294970186 4.703976768611129e-16 4.3140440685218877e-16 -3.899327000892416e-17 1.8686153870533182e-16 1278011195.359375
962046402.7344445 7.341605254051035 4.703976768611128e-16 3.377920379011954e-16 -1.326056389599174e-16 1.482583457893874e-16 1278011202.7344446
962046412.2872498 7.348411834554333 4.703976768611129e-16 7.496681526523348e-16 2.792704757912219e-16 1.8071452236613462e-16 1278011212.2872498
962046424.0035 7.353743374452284 4.703976768611129e-16 3.734500012292848e-16 -9.694767563182814e-17 1.5122737963577071e-16 1278011224.0035
962046432.0435 7.359902513468503 4.703976768611129e-16 3.7134415177342664e-16 -9.905352508768629e-17 1.5098335163928997e-16 1278011232.0435
962046442.885 7.361884247411562 4.70397676861113e-16 2.9944472050944956e-16 -1.7095295635166347e-16 1.446576181932829e-16 1278011242.885
962046453.1564286 7.352865106000246 4.703976768611129e-16 5.202437011130573e-16 4.984602425194434e-17 1.6334864891830084e-16 1278011253.1564286
962046462.3909376 7.3557814076550905 4.703976768611129e-16 5.976776126601906e-16 1.2727993579907772e-16 1.693557207359477e-16 1278011262.3909376
962046472.3386537 7.349622268638873 4.703976768611129e-16 9.69673932636481e-16 4.99276255775368e-16 1.9587132842318175e-16 1278011272.3386536
962046483.8384616 7.349498410267431 4.703976768611129e-16 4.875404251239131e-16 1.714274826280021e-17 1.607660884060448e-16 1278011283.8384616
962046524.0966666 5.128601346189187 4.703976768611129e-16 4.902166632499049e-16 1.981898638879197e-17 1.9271119664976267e-16 1278011324.0966666
962046533.8525002 7.325042011833745 4.703976768611129e-16 7.57497399899715e-16 2.870997230386021e-16 1.815652109730045e-16 1278011333.8525002
962046544.7111111 7.32596531969358 4.703976768611129e-16 3.430973608772186e-16 -1.2730031598389435e-16 1.488814247570556e-16 1278011344.711111
962046552.6608334 7.330114575136866 4.703976768611129e-16 4.524736705080993e-16 -1.792400635301367e-17 1.58117133478355e-16 1278011352.6608334
962046563.0020001 7.335738871185495 4.70397676861113e-16 3.723570312710459e-16 -9.804064559006711e-17 1.5131891573344302e-16 1278011363.002
962046571.9380556 7.343964193034394 4.703976768611129e-16 6.814948187907531e-16 2.110971419296402e-16 1.7580043927149951e-16 1278011371.9380555
962046583.131875 7.353675815340591 4.70397676861113e-16 6.118505925151263e-16 1.4145291565401325e-16 1.7046237267457625e-16 1278011383.131875
962046593.3686364 7.360206529471131 4.703976768611129e-16 4.22862346991184e-16 -4.753532986992895e-17 1.5534141938036176e-16 1278011393.3686364
962046602.625 7.360808931550414 4.703976768611129e-16 2.6919381128192165e-16 -2.0120386557919128e-16 1.4193134616145337e-16 1278011402.625
962046612.28 7.346002226237202 4.703976768611129e-16 8.783490724266639e-16 4.0795139556555095e-16 1.89767611510257e-16 1278011412.28
962046620.871 2.9364106536892765 4.703976768611129e-16 4.755981520863985e-16 5.200475225285539e-18 2.5280959282265874e-16 1278011420.871
962046657.5350001 0.7276579609044341 4.703976768611129e-16 1.897941785264482e-15 1.4275441084033692e-15 7.943448791900429e-16 1278011457.535
962046661.8986363 7.273280472423222 4.703976768611129e-16 4.1440511394486684e-16 -5.599256291624609e-17 1.5555522853910292e-16 1278011461.8986363
962046674.4091667 7.274102441615514 4.703976768611129e-16 4.54212095509498e-16 -1.6185581351614928e-17 1.588683545539895e-16 1278011474.4091668
962046683.2654545 7.292850095110951 4.703976768611129e-16 4.146328611812254e-16 -5.576481567988753e-17 1.5536556270067806e-16 1278011483.2654545
962046693.1094445 7.30393541935495 4.703976768611129e-16 3.4278693121154205e-16 -1.2761074564957088e-16 1.490785774250955e-16 1278011493.1094446
962046703.4574999 7.305883373742162 4.703976768611129e-16 3.832077551034284e-16 -8.718992175768451e-17 1.525596551541747e-16 1278011503.4575
962046713.2971429 7.318950431929222 4.703976768611128e-16 5.404978095270902e-16 7.010013266597739e-17 1.6533177845060549e-16 1278011513.297143
962046723.556579 7.309565345329555 4.703976768611129e-16 7.302709576473683e-16 2.598732807862554e-16 1.797910483561115e-16 1278011523.556579
962046733.5109092 7.314789916633989 4.703976768611129e-16 4.223614741712728e-16 -4.803620268984015e-17 1.5578098025724765e-16 1278011533.510909
962046744.3822223 7.30742034353323 4.703976768611129e-16 3.455769024321577e-16 -1.248207744289552e-16 1.4928728387368301e-16 1278011544.3822222
962046753.7688235 7.3010866768118 4.703976768611129e-16 6.432123997377127e-16 1.728147228765998e-16 1.734547533603423e-16 1278011553.7688236
962046794.857 3.6144583278716658 4.703976768611129e-16 3.8308736230238873e-16 -8.73103145587242e-17 2.1688279892296865e-16 1278011594.8569999
962046803.74375 7.236111701138876 4.703976768611129e-16 4.601024972209028e-16 -1.0295179640210175e-17 1.5977179974180452e-16 1278011603.74375
962046812.8877273 7.242315879562893 4.703976768611129e-16 4.1631017560552556e-16 -5.408750125558737e-17 1.5604835802039245e-16 1278011612.8877273
962046824.0779165 7.247889506277753 4.703976768611129e-16 4.580946780077281e-16 -1.2302998853384832e-17 1.5947625137251186e-16 1278011624.0779166
962046833.3707142 7.241764146817381 4.703976768611129e-16 2.6829273140789783e-16 -2.021049454532151e-16 1.4301016472543943e-16 1278011633.3707142
962046842.9566666 7.2351715035011175 4.703976768611129e-16 4.564473951596719e-16 -1.3950281701441044e-17 1.5948017508982424e-16 1278011642.9566665
962046853.7459999 7.23551492898557 4.703976768611129e-16 5.750823631265977e-16 1.0468468626548475e-16 1.6900317988554812e-16 1278011653.7459998
962046863.3019998 7.233752762155517 4.703976768611129e-16 3.7969357175917447e-16 -9.070410510193846e-17 1.530157094247167e-16 1278011663.3019998
962046873.8834999 7.244201904764385 4.703976768611129e-16 3.806130333596708e-16 -8.978464350144211e-17 1.5298450708229043e-16 1278011673.8834999
962046883.1811538 7.232412839773562 4.703976768611129e-16 4.970356464602666e-16 2.6637969599153688e-17 1.6283342565397106e-16 1278011683.1811538
962046890.5775 4.342723699815179 4.703976768611129e-16 2.5732071966872257e-16 -2.1307695719239035e-16 1.8336474189076854e-16 1278011690.5774999
962046946.1883334 2.1671312710207626 4.703976768611129e-16 3.824909192243128e-16 -8.790675763680014e-17 2.8000041161974363e-16 1278011746.1883335
962046951.8596154 7.237355914779265 4.703976768611129e-16 4.9364397908271485e-16 2.3246302221601923e-17 1.6250283806294343e-16 1278011751.8596153
962046961.7243333 7.244066786540993 4.703976768611129e-16 5.663979174741384e-16 9.600024061302542e-17 1.6822469583190026e-16 1278011761.7243333
962046972.934375 7.240548082806866 4.703976768611129e-16 6.082970535331381e-16 1.3789937667202515e-16 1.7151603167555363e-16 1278011772.934375
962046981.8557144 7.24654395396982 4.703976768611129e-16 2.632250794809824e-16 -2.0717259738013051e-16 1.4249542445493548e-16 1278011781.8557143
962046993.4149998 7.2525510849847254 4.703976768611129e-16 4.143936198582367e-16 -5.600405700287621e-17 1.5577640458547923e-16 1278011793.415
962047003.1294998 7.244641038990405 4.703976768611129e-16 3.7523648692369584e-16 -9.516118993741709e-17 1.5251621800082057e-16 1278011803.1295
962047011.9575 7.242721234233064 4.703976768611129e-16 2.982772062538027e-16 -1.7212047060731023e-16 1.4573725939619164e-16 1278011811.9575
962047022.5066665 7.245558716924265 4.703976768611129e-16 5.66636907515753e-16 9.623923065464007e-17 1.6822608740540778e-16 1278011822.5066667
962047028.07 0.7198092231296553 4.703976768611129e-16 3.7531664069306353e-16 -9.50810361680494e-17 4.83877548020674e-16 1278011828.0700002
962047072.4937501 5.786881108342379 4.703976768611129e-16 7.561479175885564e-16 2.8575024072744346e-16 2.0416612437308983e-16 1278011872.49375
962047083.1824999 5.80524654783772 4.703976768611129e-16 4.782803581012435e-16 7.882681240130613e-18 1.8004585226145447e-16 1278011883.1825
962047092.1593335 7.265021371018476 4.703976768611129e-16 5.660980976291978e-16 9.570042076808485e-17 1.6795846820608085e-16 1278011892.1593335
962047103.4657143 7.268692082753919 4.703976768611129e-16 5.277271954314618e-16 5.732951857034884e-17 1.648886661769444e-16 1278011903.4657145
962047113.7189583 7.2680896806746365 4.703976768611129e-16 9.061322908860288e-16 4.357346140249159e-16 1.9268463145227216e-16 1278011913.7189584
962047122.5535294 7.232035634733263 4.703976768611129e-16 6.372547615303974e-16 1.668570846692845e-16 1.7382919701908865e-16 1278011922.5535293
962047132.7524999 7.215230305699065 4.703976768611129e-16 4.515462043857719e-16 -1.8851472475341028e-17 1.592939812134361e-16 1278011932.7525
962047144.34 7.226349409498911 4.70397676861113e-16 2.255352367858565e-16 -2.4486244007525654e-16 1.3916265713403181e-16 1278011944.3400002
962047154.1073529 7.263270464040374 4.703976768611129e-16 6.431024400682007e-16 1.7270476320708774e-16 1.7389740549691936e-16 1278011954.1073527
962047161.4200001 5.8045928554584885 4.703976768611129e-16 5.20522266371023e-16 5.012458950991008e-17 1.8387250847679048e-16 1278011961.42
962047213.5977777 5.052152581380018 4.703976768611129e-16 4.880153419422417e-16 1.7617665081128728e-17 1.9394949796553773e-16 1278012013.5977778
962047222.8127499 7.216412590153732 4.703976768611129e-16 7.547740266514442e-16 2.843763497903313e-16 1.827296857274303e-16 1278012022.8127499
962047234.4128125 7.220235309890489 4.703976768611129e-16 6.033766353372251e-16 1.3297895847611216e-16 1.713780757773611e-16 1278012034.4128125
962047243.5726316 7.214402706580798 4.703976768611129e-16 7.249086455773698e-16 2.5451096871625686e-16 1.8058057828869499e-16 1278012043.5726316
962047254.52375 7.209898765801115 4.703976768611129e-16 6.130802355298703e-16 1.426825586687574e-16 1.7224814448512775e-16 1278012054.5237498
962047263.1217855 7.230082050420075 4.703976768611129e-16 5.346846241427312e-16 6.428694728161832e-17 1.6588286216410438e-16 1278012063.1217856
962047273.9458333 7.231016618131859 4.703976768611129e-16 2.3040760477e-16 -2.3999007209111295e-16 1.3957918439105077e-16 1278012073.9458332
962047283.4231819 7.213783414723593 4.703976768611129e-16 4.223039987715976e-16 -4.809367808951535e-17 1.5686295508643676e-16 1278012083.423182
962047292.9707894 7.203874745008286 4.703976768611129e-16 7.305485004657805e-16 2.601508236046676e-16 1.811254348897526e-16 1278012092.9707894
962047302.9146427 7.200941553575516 4.703976768611129e-16 5.321959649264592e-16 6.179828806534629e-17 1.6601963174355484e-16 1278012102.9146428
962047312.9547058 7.197935173105076 4.703976768611129e-16 6.480809152301228e-16 1.7768323836900983e-16 1.750622898233664e-16 1278012112.9547057
962047321.6691667 6.471470135541081 4.703976768611129e-16 5.081674689318926e-16 3.7769792070779656e-17 1.7309171138329258e-16 1278012121.6691666
995662036.8525 2.211579536590273 4.802948190161689e-16 2.5147429800369655e-16 -2.288205210124724e-16 2.5775906315449836e-16 1311626836.8525
995662042.6959999 7.373622643068616 4.802948190161689e-16 3.799940710019554e-16 -1.0030074801421354e-16 1.5249246120013488e-16 1311626842.6959999
995662053.5949998 7.381042885503146 4.802948190161689e-16 5.669948952061341e-16 8.670007618996512e-17 1.6752919001812224e-16 1311626853.5949998
995662062.9549999 7.381949303585058 4.802948190161689e-16 5.280250913799666e-16 4.773027236379768e-17 1.6448412743061052e-16 1311626862.955
995662072.2565385 7.386053519620544 4.802948190161688e-16 4.9088630095629e-16 1.0591481940121128e-17 1.6149400397426867e-16 1311626872.2565384
995662085.3337501 7.3838353287865495 4.802948190161689e-16 4.538202120561915e-16 -2.647460695997745e-17 1.5852462866035652e-16 1311626885.3337502
995662094.3685713 7.382703713665655 4.802948190161689e-16 5.275943593602291e-16 4.729954034406019e-17 1.6444186872552423e-16 1311626894.3685713
995662102.0640911 7.379111820893857 4.802948190161689e-16 8.287182254264839e-16 3.484234064103149e-16 1.8666218581351538e-16 1311626902.0640912
995662111.26 7.376769771688421 4.802948190161689e-16 3.7947933090018375e-16 -1.008154881159852e-16 1.5241624628685038e-16 1311626911.26
995662120.3992857 2.949072357206164 4.802948190161689e-16 6.530915793374938e-16 1.727967603213249e-16 2.7534827758153365e-16 1311626920.3992858
995662164.0720588 7.356400699512298 4.802948190161689e-16 6.380408018703664e-16 1.5774598285419745e-16 1.7321460302478988e-16 1311626964.0720587
