light_curves/galex/3190028616332214857_LC.ecsv
# %ECSV 0.9
# ---
# datatype:
# - {name: t_mean, datatype: float64}
# - {name: exptime, datatype: float64}
# - {name: mcatbg_flux, datatype: float64}
# - {name: flux_acorr, datatype: float64}
# - {name: flux_mcatbgsub_acorr, datatype: float64}
# - {name: flux_mcatbgsub_err, datatype: float64}
# - {name: time, datatype: float64}
# meta: !!omap
# - __serialized_columns__:
#     time:
#       __class__: astropy.time.core.Time
#       format: unix
#       in_subfmt: '*'
#       out_subfmt: '*'
#       precision: 3
#       scale: utc
#       value: !astropy.table.SerializedColumn {name: time}
# schema: astropy-2.0
t_mean exptime mcatbg_flux flux_acorr flux_mcatbgsub_acorr flux_mcatbgsub_err time
[from data line 112]
961986939.3433334 2.898999795588023 4.590216718664729e-16 5.274699076119621e-16 6.844823574548921e-17 2.59507474086205e-16 1277951739.3433332
961986976.0375 2.1888402655788415 4.590216718664729e-16 2.2762583815591943e-16 -2.313958337105535e-16 2.510943405969354e-16 1277951776.0375
961986981.1406522 7.295603128912532 4.590216718664728e-16 1.574801164770857e-15 1.1157794929043842e-15 2.327209194878072e-16 1277951781.1406522
961986993.3026923 7.30458286084203 4.590216718664729e-16 4.422223798077318e-16 -1.6799292058741113e-17 1.565239341764562e-16 1277951793.3026924
961987001.2760714 7.315482397528866 4.590216718664729e-16 4.735152145964266e-16 1.4493542729953662e-17 1.589957831986255e-16 1277951801.2760715
961987012.42625 7.3172051548770956 4.590216718664729e-16 4.0240097733979134e-16 -5.662069452668158e-17 1.5303201175970926e-16 1277951812.42625
961987022.5070587 7.321371300098303 4.590216718664729e-16 5.680494091138836e-16 1.0902773724741071e-16 1.6650437915961705e-16 1277951822.5070586
961987033.5811538 7.317649919029088 4.590216718664729e-16 4.383822512055628e-16 -2.0639420660910114e-17 1.5606356069125033e-16 1277951833.5811539
961987043.8331819 7.32042547253457 4.590216718664729e-16 3.6792803316312087e-16 -9.109363870335204e-17 1.5003237596394842e-16 1277951843.8331819
961987054.429375 7.321894883213941 4.590216718664729e-16 5.417201552499781e-16 8.26984833835052e-17 1.644244679597347e-16 1277951854.4293752
961987063.6377274 7.319952558752703 4.590216718664729e-16 3.7246130757189043e-16 -8.656036429458249e-17 1.5043060705711433e-16 1277951863.6377273
961987072.058125 4.383619482094712 4.590216718664729e-16 4.543643940562106e-16 -4.657277810262305e-18 2.0335548461507674e-16 1277951872.058125
961987114.2352941 6.598369287974867 4.590216718664729e-16 6.394064708749976e-16 1.8038479900852472e-16 1.8117804644265465e-16 1277951914.235294
961987122.5086843 7.341278718344507 4.590216718664729e-16 6.34802318310703e-16 1.7578064644423013e-16 1.7141753646759324e-16 1277951922.5086842
961987131.7609526 7.335648792369902 4.590216718664729e-16 7.024860693004596e-16 2.4346439743398665e-16 1.765432410447264e-16 1277951931.7609525
961987142.907 7.342286475093963 4.590216718664729e-16 5.020282759979925e-16 4.3006604131519563e-17 1.6102345442570194e-16 1277951942.907
961987152.1274999 7.341627773754933 4.590216718664729e-16 6.694056984019986e-16 2.1038402653552568e-16 1.7401767348889162e-16 1277951952.1275
961987163.1977779 7.340862103822387 4.590216718664729e-16 5.979545935708061e-16 1.3893292170433323e-16 1.686049165608949e-16 1277951963.1977777
961987172.7989473 7.334731114436042 4.590216718664729e-16 6.320314064707842e-16 1.730097346043113e-16 1.712836827075144e-16 1277951972.7989473
961987183.6963333 7.338317377281864 4.590216718664729e-16 4.997268154638652e-16 4.0705143597392305e-17 1.6088107225984137e-16 1277951983.6963334
961987193.0773076 7.335783910593293 4.590216718664729e-16 4.360549646224215e-16 -2.2966707244051424e-17 1.5567619423859145e-16 1277951993.0773077
961987203.6927272 7.340192142631409 4.590216718664729e-16 3.6866924398762933e-16 -9.035242787884358e-17 1.4989452779647617e-16 1277952003.692727
961987209.0274999 2.1954210280769764 4.590216718664729e-16 2.239942714878736e-16 -2.350274003785993e-16 2.500873269192027e-16 1277952009.0275
961987245.6063638 2.9307531990509768 4.590216718664729e-16 9.161479168306678e-16 4.571262449641949e-16 3.0319341682190175e-16 1277952045.6063638
961987253.24 7.334365169247691 4.590216718664729e-16 4.3340181112784195e-16 -2.5619860738630962e-17 1.5546936585719867e-16 1277952053.24
961987260.6296155 4.397114414655842 4.590216718664729e-16 7.185829047981416e-16 2.5956123293166873e-16 2.295540270482016e-16 1277952060.6296155
961998432.7953124 6.5039216498248855 4.681225008582821e-16 6.375897021835451e-16 1.6946720132526303e-16 1.8313138326778918e-16 1277963232.7953124
961998443.5353334 7.230791421092874 4.681225008582821e-16 5.377511269237747e-16 6.962862606549259e-17 1.659233178895321e-16 1277963243.5353334
961998453.457 7.228286104034176 4.681225008582822e-16 5.363121355776078e-16 6.818963471932565e-17 1.6583755236798794e-16 1277963253.457
961998460.8783332 7.22159212205037 4.681225008582821e-16 3.2207934738345144e-16 -1.4604315347483065e-16 1.478703978601477e-16 1277963260.878333
961998473.1642855 7.226518307278149 4.681225008582821e-16 4.983258037073378e-16 3.020330284905574e-17 1.6280531252284594e-16 1277963273.1642857
961998482.6526471 7.231061657539656 4.681225008582821e-16 6.030621901528853e-16 1.3493968929460318e-16 1.7103612535831502e-16 1277963282.652647
961998492.7192858 7.230363546718806 4.68122500858282e-16 7.601204219696122e-16 2.919979211113302e-16 1.8276218912156057e-16 1277963292.719286
961998498.93375 1.4351995753354243 4.681225008582821e-16 7.3857054311532185e-16 2.7044804225703976e-16 4.067057604509349e-16 1277963298.9337502
961998545.2595835 5.065135190677459 4.681225008582821e-16 1.2425578711537517e-15 7.744353702954696e-16 2.566305896676182e-16 1277963345.2595835
961998553.6047058 7.213490658572913 4.68122500858282e-16 6.205108698672937e-16 1.5238836900901173e-16 1.7258702141956588e-16 1277963353.6047058
961998561.9546155 7.225330392897508 4.681225008582821e-16 4.693767128675069e-16 1.2542120092247832e-18 1.6045320640225973e-16 1277963361.9546156
961998573.6269444 7.238448120418338 4.681225008582821e-16 6.521560913147488e-16 1.8403359045646667e-16 1.7469396057447912e-16 1277963373.6269445
961998582.9428124 7.236967449887017 4.681225008582821e-16 5.826844031065467e-16 1.145619022482646e-16 1.6938732505933855e-16 1277963382.9428124
961998591.8296154 7.2351715035011175 4.68122500858282e-16 4.707718486431077e-16 2.649347784825697e-18 1.6045876745523064e-16 1277963391.8296154
961998602.484 7.2389379239781295 4.681225008582821e-16 5.386422742977076e-16 7.051977343942551e-17 1.6590075612627124e-16 1277963402.484
961998612.1896667 7.239923161023686 4.681225008582821e-16 5.392115731463066e-16 7.10890722880245e-17 1.6593469580353567e-16 1277963412.1896667
961998623.3502631 7.240182137618517 4.681225008582821e-16 6.863008309261234e-16 2.1817833006784128e-16 1.772308125530867e-16 1277963423.350263
961998632.3076668 5.0620493702771965 4.681225008582821e-16 7.77104606476845e-16 3.0898210561856295e-16 2.1988643390602617e-16 1277963432.3076668
961998675.0641667 4.3475435374156195 4.681225008582821e-16 3.6400244966181844e-16 -1.0412005119646365e-16 1.9534817894524277e-16 1277963475.0641665
961998683.5183334 7.249764271627296 4.681225008582821e-16 5.451103806034656e-16 7.698787974518351e-17 1.662896273321408e-16 1277963483.5183334
961998692.9769999 7.251717855940484 4.681225008582821e-16 5.39530550757271e-16 7.140804989898889e-17 1.6582501242048507e-16 1277963492.9769998
961998701.8240908 7.245232181217737 4.681225008582821e-16 3.933387256992646e-16 -7.478377515901751e-17 1.538553566320039e-16 1277963501.824091
961998712.9357141 7.250755138598826 4.681225008582821e-16 2.5079040448592667e-16 -2.1733209637235542e-16 1.4107161541454086e-16 1277963512.9357142
961998721.9907143 7.254718606484949 4.681225008582821e-16 4.99026433233678e-16 3.090393237539592e-17 1.6254528760438344e-16 1277963521.9907143
961998733.6357143 7.263512550857282 4.68122500858282e-16 2.494173767338077e-16 -2.187051241244743e-16 1.4081963165840843e-16 1277963533.6357143
961998743.15325 7.261215541059642 4.681225008582822e-16 7.097857833804608e-16 2.416632825221786e-16 1.787094513702774e-16 1277963543.15325
961998752.8739283 7.269711099355323 4.681225008582821e-16 5.008594013505725e-16 3.2736900492290405e-17 1.6252570437672959e-16 1277963552.8739283
961998763.7585714 7.2627187312948625 4.681225008582821e-16 4.979513620755055e-16 2.9828861217223363e-17 1.6236876214452889e-16 1277963563.7585714
961998768.4275 1.450101989390205 4.681225008582821e-16 3.5573240707820616e-16 -1.1239009378007593e-16 3.366326719856024e-16 1277963568.4275
961998805.7074518 3.6452427631008084 4.681225008582821e-16 1.105727706942073e-14 1.0589154568562447e-14 7.780709066076692e-16 1277963605.7074518
961998812.231976 7.292202653623871 4.681225008582821e-16 2.073362291464027e-14 2.0265500413781988e-14 7.455766613596951e-16 1277963612.231976
961998822.403846 7.307364044273484 4.681225008582821e-16 4.62545199067062e-16 -5.577301791220089e-18 1.5898987801705735e-16 1277963622.403846
961998832.2139475 7.325019492129847 4.681225008582821e-16 6.738022179953957e-16 2.056797171371136e-16 1.7527494303073754e-16 1277963632.2139475
961998842.075 7.329258826388725 4.681225008582821e-16 4.946415680897941e-16 2.6519067231512034e-17 1.613631884738848e-16 1277963642.075
961998853.5725 7.327384061039181 4.681225008582821e-16 7.070489565122905e-16 2.3892645565400845e-16 1.7770025200697462e-16 1277963653.5725
961998861.9628947 7.328769022828934 4.681225008582821e-16 6.683639706810884e-16 2.0024146982280627e-16 1.7482552213435544e-16 1277963661.9628947
961998872.4611111 7.338339896985765 4.681225008582821e-16 3.156507446110686e-16 -1.5247175624721347e-16 1.461184101342054e-16 1277963672.461111
961998883.4802941 7.3303510320277985 4.681225008582821e-16 5.988043028046249e-16 1.3068180194634276e-16 1.6954721704620628e-16 1277963683.4802942
961998893.859375 7.329917527727754 4.681225008582821e-16 2.835819616564562e-16 -1.845405392018259e-16 1.433181983169111e-16 1277963693.859375
961998901.1094445 4.384970664328618 4.681225008582821e-16 5.318878297083519e-16 6.376532885006977e-17 2.124676700147103e-16 1277963701.1094446
961998943.8383334 6.594439599644592 4.681225008582821e-16 3.521293865770221e-16 -1.1599311428125997e-16 1.57527355409894e-16 1277963743.8383334
961998952.6226 7.335288477107528 4.681225008582821e-16 8.839498266345159e-16 4.158273257762338e-16 1.9012147926582104e-16 1277963752.6226
961998961.5990002 7.348248566701069 4.681225008582821e-16 5.266359601355058e-16 5.851345927722375e-17 1.6371252505196904e-16 1277963761.5990002
961998973.7654998 7.352364042588507 4.681225008582821e-16 7.037641025405996e-16 2.356416016823175e-16 1.7715762231578026e-16 1277963773.7654998
961998982.5350002 7.345822068606013 4.68122500858282e-16 3.8653931858672787e-16 -8.158318227155412e-17 1.5221913227211733e-16 1277963782.5350003
961998992.1539999 7.3583430239735375 4.681225008582821e-16 5.277995912083487e-16 5.967709035006664e-17 1.636924099021511e-16 1277963792.1539998
961999003.7839473 7.351074789540322 4.681225008582821e-16 6.724293562552585e-16 2.0430685539697644e-16 1.7486215240225217e-16 1277963803.7839475
961999010.7885294 7.348040259440008 4.681225008582821e-16 6.022197959472556e-16 1.340972950889735e-16 1.6960474960669386e-16 1277963810.7885294
961999023.769 7.345715100012496 4.681225008582821e-16 3.489864421715721e-16 -1.1913605868671e-16 1.4898084293030095e-16 1277963823.769
961999033.35 6.609099305916285 4.681225008582821e-16 4.69320105462432e-16 1.1976046041499301e-18 1.6776196505044825e-16 1277963833.35
961999086.285 2.1987827148499948 4.681225008582821e-16 4.640902519399703e-16 -4.032248918311834e-18 2.900715123705823e-16 1277963886.2849998
961999089.6850001 7.334449618137311 4.68122500858282e-16 1.4219811285934714e-16 -3.259243879989349e-16 1.2980097848350152e-16 1277963889.685
962004326.9141666 3.6141655717209864 4.618087991829583e-16 4.3662768573702755e-16 -2.5181113445930797e-17 2.2221564551872006e-16 1277969126.9141665
962004332.3925 7.196353163906213 4.618087991829583e-16 4.333370710797967e-16 -2.847172810316165e-17 1.5720158150770016e-16 1277969132.3925
962004342.6113157 7.153745884130399 4.618087991829583e-16 6.906440082889414e-16 2.28835209105983e-16 1.7811330740446238e-16 1277969142.6113157
962004354.1903332 7.142131346844788 4.618087991829583e-16 5.422056260494739e-16 8.039682686651557e-17 1.6676100905282505e-16 1277969154.1903334
962004362.8285 7.150519936546949 4.618087991829583e-16 7.262607900349641e-16 2.644519908520058e-16 1.8080190908315127e-16 1277969162.8285
962004373.6916667 7.1390686671146035 4.618087991829583e-16 5.401708648674207e-16 7.836206568446234e-17 1.6663362895762473e-16 1277969173.6916666
962004383.2211764 7.187452250940362 4.618087991829583e-16 6.092730095764201e-16 1.474642103934618e-16 1.7150748182191541e-16 1277969183.2211764
962004393.1864284 7.228815317075787 4.618087991829583e-16 5.011658282144254e-16 3.9357029031467104e-17 1.6245679164695406e-16 1277969193.1864285
962004404.5766667 7.2515996274950165 4.618087991829583e-16 4.267265070308758e-16 -3.508229215208256e-17 1.5604511829734415e-16 1277969204.5766668
962004411.1728573 4.348038349935207 4.618087991829583e-16 4.1271472087526557e-16 -4.909407830769277e-17 1.9998920170193764e-16 1277969211.1728573
962004462.3979168 7.174858106535169 4.618087991829583e-16 4.375059640953977e-16 -2.4302835087560654e-17 1.5778868589508306e-16 1277969262.3979168
962004472.0335 7.132532323058085 4.618087991829583e-16 7.405142616109379e-16 2.7870546242797954e-16 1.8208013850970815e-16 1277969272.0335
962004482.8716667 7.146049775323114 4.618087991829584e-16 5.523083156720576e-16 9.049951648909918e-17 1.67522567578478e-16 1277969282.8716667
962004495.50625 7.186039139520737 4.618087991829583e-16 4.418920179950897e-16 -1.991678118786865e-17 1.5803487833306838e-16 1277969295.50625
962004502.7030001 7.219188143659212 4.618087991829583e-16 1.8485202690964933e-16 -2.7695677227330904e-16 1.3440536533781287e-16 1277969302.703
962004512.8206669 7.239472766945717 4.618087991829583e-16 5.424252666191232e-16 8.061646743616484e-17 1.656535654099798e-16 1277969312.8206668
962004522.005 7.191798553792758 4.618087991829583e-16 4.730293111754482e-16 1.1220511992489906e-17 1.6056573366984517e-16 1277969322.005
962004533.412857 7.18339307431267 4.618087991829583e-16 5.10808708024703e-16 4.8999908841744646e-17 1.6375377506010823e-16 1277969333.412857
962004544.2845832 7.169684204564508 4.618087991829583e-16 4.41047018570596e-16 -2.076178061236234e-17 1.5814392119227175e-16 1277969344.284583
962004586.5439999 2.907034320919964 4.618087991829583e-16 4.3798023590499033e-16 -2.3828563277968015e-17 2.479519022625201e-16 1277969386.544
962004593.4177272 7.263112826113085 4.618087991829583e-16 3.865771176299313e-16 -7.523168155302705e-17 1.5250063230064144e-16 1277969393.4177272
962004603.9145 7.272824448419279 4.618087991829583e-16 3.4913252818434295e-16 -1.126762709986154e-16 1.4914000332946515e-16 1277969403.9145
962004612.7025 7.259520933341287 4.618087991829583e-16 3.5162240921351114e-16 -1.101863899694472e-16 1.4949569465971738e-16 1277969412.7024999
962004623.9209999 7.263968574861225 4.618087991829583e-16 3.507120290028652e-16 -1.1109677018009316e-16 1.4936987231074904e-16 1277969423.921
962004632.0992858 7.262369675884437 4.618087991829583e-16 4.9959302697612e-16 3.778422779316164e-17 1.6195349683756471e-16 1277969432.0992858
962004641.9339286 7.268663933124046 4.618087991829583e-16 4.95292249018054e-16 3.34834498350957e-17 1.6153418741729895e-16 1277969441.9339285
962004652.1583332 7.276320632449509 4.618087991829583e-16 4.250678632557271e-16 -3.674093592723126e-17 1.556401110102845e-16 1277969452.1583333
962004663.735625 7.283234181546325 4.618087991829583e-16 5.632889957134608e-16 1.0148019653050246e-16 1.668021629345892e-16 1277969463.735625
962004672.7600001 7.289128714041738 4.618087991829583e-16 3.9146253779127806e-16 -7.034626139168029e-17 1.5264782118956056e-16 1277969472.7600002
962004681.0799999 4.370411675758288 4.618087991829583e-16 5.909175497906665e-16 1.2910875060770814e-16 2.1811272160789023e-16 1277969481.08
962004717.555 0.7282153235759201 4.618087991829583e-16 3.5550559450480276e-16 -1.0630320467815558e-16 4.730885626407557e-16 1277969517.5549998
962004723.838 7.291915527399167 4.618087991829583e-16 5.269270867687558e-16 6.511828758579747e-17 1.6382338243665235e-16 1277969523.838
962004732.1505 7.292332141921288 4.618087991829583e-16 3.5643278004641366e-16 -1.0537601913654468e-16 1.4958042973647882e-16 1277969532.1505
