light_curves/galex/3190028616332214700_LC.ecsv
# %ECSV 0.9
# ---
# datatype:
# - {name: t_mean, datatype: float64}
# - {name: exptime, datatype: float64}
# - {name: mcatbg_flux, datatype: float64}
# - {name: flux_acorr, datatype: float64}
# - {name: flux_mcatbgsub_acorr, datatype: float64}
# - {name: flux_mcatbgsub_err, datatype: float64}
# - {name: time, datatype: float64}
# meta: !!omap
# - __serialized_columns__:
#     time:
#       __class__: astropy.time.core.Time
#       format: unix
#       in_subfmt: '*'
#       out_subfmt: '*'
#       precision: 3
#       scale: utc
#       value: !astropy.table.SerializedColumn {name: time}
# schema: astropy-2.0
t_mean exptime mcatbg_flux flux_acorr flux_mcatbgsub_acorr flux_mcatbgsub_err time
[from data line 782]
962035261.4919999 7.230172129235668 4.631170949049812e-16 7.267247068028241e-16 2.6360761189784294e-16 1.7994089482491773e-16 1278000061.4919999
962035271.5976666 7.241341902369286 4.631170949049812e-16 5.4270511488884505e-16 7.958801998386389e-17 1.6576674765660235e-16 1278000071.5976667
962035282.0882143 7.233702092821746 4.631170949049812e-16 5.05494162247322e-16 4.237706734234087e-17 1.628675493124173e-16 1278000082.0882144
962035292.3584375 7.239129341461266 4.631170949049812e-16 5.766677334396025e-16 1.1355063853462137e-16 1.6847086561228777e-16 1278000092.3584375
962035303.0244737 7.238909774348256 4.631170949049812e-16 6.869103510810532e-16 2.2379325617607204e-16 1.7688954700238645e-16 1278000103.0244737
962035313.1119232 7.239410837759996 4.631170949049812e-16 4.731994497850817e-16 1.0082354880100566e-17 1.6016712860643143e-16 1278000113.1119232
962035322.8114284 7.230087680346049 4.631170949049812e-16 5.137888571349483e-16 5.0671762229967164e-17 1.6357891399416237e-16 1278000122.8114285
962035330.6340001 6.4982911028841 4.631170949049812e-16 6.154220582332419e-16 1.5230496332826078e-16 1.8098732325492916e-16 1278000130.634
962035392.8938097 7.226214291275522 4.631170949049811e-16 7.680419890596973e-16 3.0492489415471625e-16 1.829965315034623e-16 1278000192.8938098
962035402.0113639 7.155091436438329 4.631170949049812e-16 8.038292446163628e-16 3.407121497113816e-16 1.8648113035780134e-16 1278000202.011364
962035412.014091 7.240998476884835 4.631170949049811e-16 3.9583904204816046e-16 -6.727805285682061e-17 1.5365160332440984e-16 1278000212.014091
962035421.1938236 7.26139569869083 4.631170949049812e-16 6.135039661217932e-16 1.5038687121681207e-16 1.7106608192470014e-16 1278000221.1938236
962035432.1371739 7.262752510850711 4.631170949049812e-16 8.331104074109525e-16 3.699933125059713e-16 1.8716088306319638e-16 1278000232.137174
962035442.3288095 7.245885252630792 4.631170949049812e-16 7.618483652096367e-16 2.987312703046555e-16 1.8230106172671945e-16 1278000242.3288095
962035452.3061905 7.1426999693682225 4.631170949049811e-16 7.77280824515517e-16 3.141637296105359e-16 1.847326360831961e-16 1278000252.3061905
962035462.9621052 7.135634412270093 4.631170949049812e-16 7.010059884424459e-16 2.378888935374647e-16 1.792199654761696e-16 1278000262.9621053
962035471.9936 7.2024897832185335 4.631170949049813e-16 9.252101983045141e-16 4.620931033995329e-16 1.943266134393207e-16 1278000271.9936
962035480.9844445 7.247360293236139 4.631170949049812e-16 6.597253803156092e-16 1.96608285410628e-16 1.7474986028009123e-16 1278000280.9844446
962035491.9321876 6.520754507522777 4.631170949049812e-16 6.528517788970961e-16 1.897346839921149e-16 1.836820997873841e-16 1278000291.9321876
962039824.7683332 3.530381013366907 4.619224689345041e-16 6.802759723178775e-16 2.183535033833734e-16 2.5244876939645156e-16 1278004624.7683332
962039831.5079411 7.060030136357117 4.619224689345041e-16 6.464738810956196e-16 1.8455141216111556e-16 1.7593947582011525e-16 1278004631.5079412
962039841.4465625 7.101742257902968 4.619224689345041e-16 6.05916500926772e-16 1.4399403199226788e-16 1.7228729282870698e-16 1278004641.4465625
962039853.4622726 7.136557720129929 4.619224689345041e-16 4.1734279520269893e-16 -4.4579673731805156e-17 1.5650856016737567e-16 1278004653.4622726
962039862.9342308 7.080410468385187 4.619224689345041e-16 4.941691894291747e-16 3.2246720494670594e-17 1.635851292296837e-16 1278004662.9342308
962039870.1136364 4.97032098637295 4.619224689345041e-16 5.921708685433515e-16 1.3024839960884745e-16 2.0465580339336643e-16 1278004670.1136365
962039884.0678124 5.017038733076404 4.619224689345041e-16 8.550952473419813e-16 3.931727784074772e-16 2.269276778738182e-16 1278004684.0678124
962039889.3749999 5.042282700180356 4.619224689345041e-16 7.543622240049037e-16 2.9243975507039964e-16 2.1777384949635558e-16 1278004689.375
962039934.1265001 5.052372148493028 4.619224689345041e-16 5.360506061023668e-16 7.412813716786276e-17 1.976962206021092e-16 1278004734.1265001
962039942.6671054 7.218991096250101 4.619224689345041e-16 7.112557884309489e-16 2.493333194964448e-16 1.7884577675589195e-16 1278004742.6671054
962039953.6379166 7.234129967195816 4.619224689345041e-16 4.553494507273929e-16 -6.573018207111225e-18 1.5864198645111823e-16 1278004753.6379166
962039960.619375 7.236381937585658 4.619224689345041e-16 6.108541410500557e-16 1.4893167211555163e-16 1.710580673691791e-16 1278004760.619375
962039971.7323077 7.231106696947453 4.619224689345041e-16 4.953643521480907e-16 3.344188321358658e-17 1.6196900787548165e-16 1278004771.7323077
962039982.469375 7.236094811360953 4.619224689345041e-16 6.105098875190872e-16 1.4858741858458315e-16 1.7103491887782521e-16 1278004782.4693751
962039992.2722223 7.2414770205926775 4.61922468934504e-16 6.836999693004382e-16 2.2177750036593422e-16 1.76522580268194e-16 1278004792.2722223
962040002.0838462 7.235835834766121 4.61922468934504e-16 4.902180040497349e-16 2.8295535115230886e-17 1.614963444674477e-16 1278004802.083846
962040012.3505265 7.240998476884835 4.619224689345041e-16 7.167328211558141e-16 2.5481035222131006e-16 1.789775463200517e-16 1278004812.3505263
962040021.6993334 7.248970452064876 4.619224689345041e-16 5.609674210810741e-16 9.904495214657002e-17 1.670226864963517e-16 1278004821.6993334
962040029.1592858 2.8962974311202125 4.619224689345041e-16 6.56317027169659e-16 1.9439455823515492e-16 2.758694955561743e-16 1278004829.1592858
962040065.7575 2.182951363009404 4.619224689345041e-16 4.994988743468893e-16 3.757640541238519e-17 2.9540217195139825e-16 1278004865.7575002
962040071.1525 7.259475893933489 4.619224689345041e-16 8.260243715229859e-16 3.641019025884818e-16 1.8661406328621477e-16 1278004871.1525002
962040082.3426317 7.255287229008384 4.619224689345041e-16 7.081026410602901e-16 2.4618017212578604e-16 1.7816522906250983e-16 1278004882.3426318
962040091.602895 7.251318131196286 4.619224689345041e-16 7.066733177859352e-16 2.4475084885143107e-16 1.781084027535037e-16 1278004891.602895
962040101.6786668 7.258248570071027 4.619224689345041e-16 5.555573990445399e-16 9.363493011003585e-17 1.6648921673564943e-16 1278004901.6786668
962040111.4218421 7.266327513844585 4.619224689345041e-16 6.985498436072724e-16 2.366273746727683e-16 1.7732372697616827e-16 1278004911.421842
962040122.2655555 7.274935670659755 4.619224689345041e-16 6.633093635958884e-16 2.013868946613843e-16 1.7459083866018394e-16 1278004922.2655554
962040132.1797369 7.269001728682522 4.61922468934504e-16 7.052196533931587e-16 2.432971844586547e-16 1.7778431346558691e-16 1278004932.1797369
962040140.9338889 7.275881498223491 4.619224689345041e-16 6.62957951561364e-16 2.010354826268599e-16 1.7455308739027725e-16 1278004940.933889
962040151.3921429 7.280362919299276 4.619224689345041e-16 7.777909930852809e-16 3.1586852415077685e-16 1.8292193495107297e-16 1278004951.3921428
962040162.0969999 7.279101815880965 4.619224689345041e-16 7.377374583494112e-16 2.758149894149071e-16 1.800445077185665e-16 1278004962.097
962040203.9566667 5.104403924350333 4.619224689345041e-16 4.793079045600246e-16 1.7385435625520555e-17 1.912164494687838e-16 1278005003.9566667
962040212.3414285 7.30173411829888 4.61922468934504e-16 7.787886110901213e-16 3.168661421556173e-16 1.8272541314471977e-16 1278005012.3414285
962040223.0422224 7.306598374340937 4.619224689345041e-16 6.599950338138925e-16 1.980725648793884e-16 1.7396348546074038e-16 1278005023.0422225
962040232.1060001 7.322007481733433 4.619224689345041e-16 5.507144487669533e-16 8.879197983244924e-17 1.653815318368204e-16 1278005032.106
962040241.3549999 7.326455123253373 4.619224689345041e-16 5.494606496436475e-16 8.753818070914343e-17 1.6523251785921712e-16 1278005041.355
962040252.4528124 7.3371801322349945 4.619224689345041e-16 1.1791499603081818e-15 7.172274913736777e-16 2.0890592358430178e-16 1278005052.4528124
962040262.2443333 7.334393318877566 4.619224689345041e-16 5.537117148427837e-16 9.178924590827965e-17 1.65477667706181e-16 1278005062.2443333
962040272.524231 7.337579856979193 4.619224689345041e-16 4.785478451018536e-16 1.6625376167349544e-17 1.594235596548333e-16 1278005072.524231
962040282.0195239 7.338677692544239 4.619224689345041e-16 7.736253113088657e-16 3.1170284237436157e-16 1.818961583275231e-16 1278005082.0195239
962040292.9135001 7.332524183453995 4.619224689345041e-16 3.700220291813131e-16 -9.1900439753191e-17 1.5036147244038765e-16 1278005092.9135
962040299.221 3.657847546391771 4.619224689345041e-16 3.698447870880204e-16 -9.20776818464837e-17 2.1286595454843668e-16 1278005099.221
962040336.2275 1.4626517153537795 4.619224689345041e-16 7.496254632390897e-16 2.8770299430458566e-16 4.0357696541607783e-16 1278005136.2275
962040342.4595832 7.325751382506546 4.619224689345041e-16 4.450806394321886e-16 -1.6841829502315503e-17 1.5679599584904708e-16 1278005142.4595833
962040351.5996153 7.324704216275269 4.619224689345041e-16 4.833453734155518e-16 2.1422904481047686e-17 1.5995485840049991e-16 1278005151.5996153
962040361.9153125 7.334894382289305 4.619224689345041e-16 5.936719247982826e-16 1.3174945586377855e-16 1.685846308078944e-16 1278005161.9153125
962040371.4836843 7.3333517825722625 4.619224689345041e-16 7.026057117739452e-16 2.4068324283944113e-16 1.7681028856024407e-16 1278005171.4836843
962040382.3199999 7.33339682198006 4.619224689345041e-16 4.814506289754021e-16 1.952816004089798e-17 1.5970571843647179e-16 1278005182.32
962040391.9627501 7.3360597769660485 4.619224689345041e-16 7.415420119507779e-16 2.7961954301627384e-16 1.7961994430714707e-16 1278005191.96275
962040402.2055556 7.332777530122854 4.619224689345041e-16 3.3348405225567554e-16 -1.2843841667882855e-16 1.4716241247179183e-16 1278005202.2055554
962040412.2865624 7.335868359482912 4.619224689345041e-16 5.928474125117998e-16 1.3092494357729573e-16 1.6850980048975154e-16 1278005212.2865624
962040421.9835713 7.3341568619866315 4.619224689345041e-16 5.147879583744545e-16 5.28654894399504e-17 1.6239094447985644e-16 1278005221.9835713
962040431.7639474 7.336853596528467 4.619224689345041e-16 7.001199156428369e-16 2.381974467083328e-16 1.7658508549949058e-16 1278005231.7639475
962040437.62 0.7287889550591512 4.619224689345041e-16 3.717849762605902e-16 -9.013749267391388e-17 4.774223215560435e-16 1278005237.62
962040473.8150002 4.407001185633428 4.619224689345041e-16 6.000075803993423e-16 1.3808511146483822e-16 2.1812190119174332e-16 1278005273.815
962040481.2905881 7.354255697715973 4.619224689345041e-16 6.091920270093009e-16 1.472695580747968e-16 1.6955451899602305e-16 1278005281.2905881
962040491.6236666 7.351193017985789 4.619224689345041e-16 5.406520667277686e-16 7.872959779326454e-17 1.642595919898866e-16 1278005291.6236668
962040502.3369231 7.359412709908712 4.619224689345041e-16 9.41609793554695e-16 4.796873246201909e-16 1.9326016691369154e-16 1278005302.3369231
962040511.6170589 7.350838332649388 4.619224689345041e-16 6.148193282655319e-16 1.5289685933102786e-16 1.7002414054386402e-16 1278005311.6170588
962040522.2886363 7.348608881963444 4.619224689345041e-16 3.99656072746258e-16 -6.226639618824608e-17 1.5273750014672487e-16 1278005322.2886362
962040533.1597222 7.3587427487177335 4.619224689345041e-16 6.610401105951328e-16 1.9911764166062873e-16 1.7342419862106672e-16 1278005333.1597223
962040542.1249999 7.360426096584142 4.619224689345041e-16 4.721420045704817e-16 1.0219535635977573e-17 1.5865332174631918e-16 1278005342.125
962040552.9807142 7.356710345440902 4.619224689345041e-16 5.075692253971465e-16 4.564675646264244e-17 1.615632842324625e-16 1278005352.9807143
962040561.9740909 4.41182040226769 4.619224689345041e-16 6.659121981651111e-16 2.0398972923060703e-16 2.244465974297096e-16 1278005361.974091
962040569.6944444 5.144674163880507 4.619224689345041e-16 4.642997215601846e-16 2.377252625680484e-18 1.88999333334489e-16 1278005369.6944444
962040611.4446875 5.865655032579058 4.619224689345041e-16 7.19699955474777e-16 2.577774865402729e-16 1.990989793287498e-16 1278005411.4446874
962040622.9077778 5.867108174446685 4.619224689345041e-16 4.090552987102111e-16 -5.2867170224293e-17 1.71829081737525e-16 1278005422.9077778
962040632.4647222 7.33461851591655 4.619224689345041e-16 6.6028487727575215e-16 1.9836240834124807e-16 1.736525924014308e-16 1278005432.4647222
962040641.4330556 7.340760765154845 4.619224689345041e-16 6.639658229654513e-16 2.020433540309472e-16 1.7385538527668692e-16 1278005441.4330556
962040652.3857145 7.33325044390472 4.619224689345042e-16 5.174951109918863e-16 5.557264205738213e-17 1.6261776037981838e-16 1278005452.3857145
962040661.5392104 7.33725895119864 4.619224689345041e-16 7.011181369911131e-16 2.3919566805660903e-16 1.7665371691302102e-16 1278005461.5392103
962040671.9882352 7.331735993817551 4.619224689345041e-16 6.233869095561218e-16 1.6146444062161771e-16 1.7089925872027236e-16 1278005471.9882352
962040682.5503845 7.3311110720343695 4.619224689345041e-16 4.760446675233496e-16 1.4122198588845498e-17 1.592894529406951e-16 1278005482.5503845
962040692.9647222 7.334674815176295 4.619224689345041e-16 6.618090465124405e-16 1.998865775779364e-16 1.7376608533773874e-16 1278005492.9647222
962040702.0815 7.338840960397503 4.619224689345041e-16 7.354207439305694e-16 2.734982749960653e-16 1.7914213363536988e-16 1278005502.0815
962040708.2540001 1.4643400721799822 4.619224689345041e-16 9.097890904636101e-16 4.47866621529106e-16 4.284412661986486e-16 1278005508.2540002
962040745.915 1.4547135197295853 4.619224689345041e-16 7.297993677299667e-16 2.6787689879546264e-16 4.0144983107300153e-16 1278005545.915
962040752.1392857 7.281719731459155 4.619224689345041e-16 7.670783442819971e-16 3.05155875347493e-16 1.8213570250685086e-16 1278005552.1392856
962040762.5761539 7.292540449182349 4.619224689345041e-16 4.723967351830417e-16 1.0474266248537621e-17 1.5941096833691497e-16 1278005562.5761538
962040771.7866666 7.301323133702732 4.619224689345041e-16 6.439345207975248e-16 1.8201205186302075e-16 1.7281589474174571e-16 1278005571.7866666
962040782.6708823 7.303276718015921 4.619224689345041e-16 6.119357922482027e-16 1.5001332331369862e-16 1.7035584217612259e-16 1278005582.6708822
962040792.5779166 7.3065026655993695 4.619224689345041e-16 4.311638974038369e-16 -3.0758571530667186e-17 1.5584037678408527e-16 1278005592.5779166
962040803.581875 7.3056806964070775 4.619224689345041e-16 5.7867182900513e-16 1.1674936007062592e-16 1.6775742308127175e-16 1278005603.5818748
962040813.0355263 7.320977205280079 4.619224689345041e-16 6.967816894610362e-16 2.348592205265321e-16 1.7653013051230553e-16 1278005613.0355263
962040822.868611 7.3142607035923755 4.619224689345042e-16 6.629021132170741e-16 2.0097964428256989e-16 1.7409034507889134e-16 1278005622.8686109
962040832.5312501 7.313602002253346 4.619224689345041e-16 4.379637322211883e-16 -2.3958736713315788e-17 1.5633329596148674e-16 1278005632.53125
962040840.4275001 4.374679159647038 4.619224689345041e-16 7.304818384019834e-16 2.6855936946747933e-16 2.3156212433067324e-16 1278005640.4275002
962040881.2903572 6.5166903219352905 4.619224689345041e-16 5.716319477308031e-16 1.0970947879629899e-16 1.770413897067494e-16 1278005681.290357
962040893.4436111 7.246926788936094 4.619224689345041e-16 6.625596315382367e-16 2.006371626037326e-16 1.7487145666058633e-16 1278005693.4436111
962040901.4819232 7.237400954187062 4.619224689345041e-16 4.791179559514901e-16 1.7195487016985977e-17 1.6056994775996625e-16 1278005701.481923
962040911.6355 7.240947807551063 4.619224689345041e-16 3.67106375149443e-16 -9.481609378506106e-17 1.510551285770672e-16 1278005711.6355
962040921.6097617 7.2345409517919625 4.619224689345041e-16 7.685447065486503e-16 3.0662223761414623e-16 1.8283444321440895e-16 1278005721.6097617
962040932.8717859 7.235058904981626 4.619224689345041e-16 5.151868379770757e-16 5.326436904257165e-17 1.635314646254627e-16 1278005732.8717859
