light_curves/galex/3190028616332214857_LC.ecsv
# %ECSV 0.9
# ---
# datatype:
# - {name: t_mean, datatype: float64}
# - {name: exptime, datatype: float64}
# - {name: mcatbg_flux, datatype: float64}
# - {name: flux_acorr, datatype: float64}
# - {name: flux_mcatbgsub_acorr, datatype: float64}
# - {name: flux_mcatbgsub_err, datatype: float64}
# - {name: time, datatype: float64}
# meta: !!omap
# - __serialized_columns__:
#     time:
#       __class__: astropy.time.core.Time
#       format: unix
#       in_subfmt: '*'
#       out_subfmt: '*'
#       precision: 3
#       scale: utc
#       value: !astropy.table.SerializedColumn {name: time}
# schema: astropy-2.0
t_mean exptime mcatbg_flux flux_acorr flux_mcatbgsub_acorr flux_mcatbgsub_err time
[from data line 894]
962040382.8903571 7.333560089833324 4.61069383385727e-16 5.084336046768062e-16 4.7364221291079117e-17 1.618135569509061e-16 1278005182.890357
962040393.5220834 7.33576702081537 4.61069383385727e-16 4.2866352056091314e-16 -3.2405862824813895e-17 1.5524280690899933e-16 1278005193.5220833
962040403.0733333 7.3339879642073935 4.61069383385727e-16 6.411632220122736e-16 1.8009383862654655e-16 1.7215177803589352e-16 1278005203.0733333
962040412.0508333 7.3350632800685425 4.61069383385727e-16 4.302402354026966e-16 -3.0829147983030434e-17 1.5538232685621079e-16 1278005212.0508332
962040422.9818181 7.333565719759298 4.61069383385727e-16 3.9825820741289927e-16 -6.281117597282777e-17 1.5269660936656936e-16 1278005222.9818182
962040434.1408333 7.33651580096999 4.61069383385727e-16 2.1612988778320796e-16 -2.449394956025191e-16 1.3626750405321784e-16 1278005234.1408334
962040474.7541666 5.142552302754259 4.61069383385727e-16 3.1454174125271754e-16 -1.465276421330095e-16 1.7361813787839157e-16 1278005274.7541666
962040483.51 7.354193768530251 4.61069383385727e-16 3.313253620382692e-16 -1.2974402134745783e-16 1.466757977136593e-16 1278005283.51
962040492.881875 7.352679318443083 4.61069383385727e-16 5.832042473563993e-16 1.221348639706723e-16 1.675004921841566e-16 1278005292.881875
962040503.1753845 7.357397196409803 4.61069383385727e-16 4.699659058238748e-16 8.896522438147725e-18 1.584326450787462e-16 1278005303.1753845
962040512.4946153 7.35129435665333 4.61069383385727e-16 4.703129156750705e-16 9.243532289343455e-18 1.5852681277342184e-16 1278005312.4946153
962040522.0495834 7.350691954574048 4.61069383385727e-16 4.3374122015806894e-16 -2.7328163227658096e-17 1.5550960254782155e-16 1278005322.0495834
962040533.0788888 7.356181132399289 4.61069383385727e-16 6.493551668398395e-16 1.882857834541125e-16 1.725090334779928e-16 1278005333.078889
962040542.5867856 7.360673813327025 4.61069383385727e-16 5.064529744215283e-16 4.538359103580129e-17 1.613561918604657e-16 1278005342.5867856
962040550.9185715 7.358179756120274 4.61069383385727e-16 2.5391297306640137e-16 -2.0715641031932567e-16 1.3962159848452244e-16 1278005350.9185715
962040561.6610714 4.409084258244032 4.61069383385727e-16 8.543580739395067e-16 3.9328869055377963e-16 2.4191950029191915e-16 1278005361.6610713
962040571.6418749 4.410755725292311 4.61069383385727e-16 4.907500691507089e-16 2.9680685764981884e-17 2.0680696770060137e-16 1278005371.6418748
962040607.0725 0.7323589490932297 4.61069383385727e-16 7.234642916411849e-16 2.623949082554579e-16 5.641200701480638e-16 1278005407.0725
962040611.1966667 5.1332960834858286 4.61069383385727e-16 4.645729658398977e-16 3.503582454170636e-18 1.8914504709875414e-16 1278005411.1966667
962040622.3578571 6.601336258963483 4.61069383385727e-16 5.604256963416134e-16 9.935631295588634e-17 1.7490320358215087e-16 1278005422.3578572
962040633.38125 7.335294107033502 4.61069383385727e-16 4.3283311172946256e-16 -2.823627165626447e-17 1.5559682626712901e-16 1278005433.38125
962040642.8376316 7.3403723002625965 4.61069383385727e-16 6.835897688675135e-16 2.225203854817865e-16 1.7525295996275376e-16 1278005442.8376317
962040653.7575 7.332197647747469 4.61069383385727e-16 5.07794200317069e-16 4.6724816931341943e-17 1.6177715764436293e-16 1278005453.7575002
962040663.7535294 7.336307493708931 4.610693833857271e-16 6.072091390090276e-16 1.4613975562330049e-16 1.6953916396924162e-16 1278005463.7535295
962040672.3532352 7.332512923602046 4.61069383385727e-16 6.104292329824613e-16 1.4935984959673426e-16 1.6982997073476232e-16 1278005472.3532352
962040682.7490001 7.3310266231447505 4.610693833857271e-16 5.366548117957885e-16 7.558542841006134e-17 1.640956940031067e-16 1278005482.749
962040692.3522727 7.335530563924435 4.61069383385727e-16 3.9447302366082655e-16 -6.659635972490049e-17 1.523532896264722e-16 1278005492.3522727
962040703.4836668 7.33880155091568 4.61069383385727e-16 5.400786852219982e-16 7.900930183627117e-17 1.6427998379962515e-16 1278005503.483667
962040708.445 0.7303202949242439 4.61069383385727e-16 3.6555363143892285e-16 -9.551575194680419e-17 4.749579396893927e-16 1278005508.4450002
962040746.6625 2.183289158567881 4.61069383385727e-16 7.18899331465227e-16 2.578299480795e-16 3.2611037962727483e-16 1278005546.6625
962040753.1976923 7.282192645241023 4.61069383385727e-16 4.680355506110495e-16 6.966167225322471e-18 1.5908969837331477e-16 1278005553.1976924
962040763.4966664 7.293277969485022 4.61069383385727e-16 4.388669078584179e-16 -2.2202475527309136e-17 1.5654949985335445e-16 1278005563.4966664
962040773.4641666 7.303259828237997 4.61069383385727e-16 4.3311131590566967e-16 -2.795806748005737e-17 1.5596101010315452e-16 1278005573.4641666
962040783.6432143 7.30207754378333 4.610693833857271e-16 5.034704996025363e-16 4.2401116216809126e-17 1.617615316306656e-16 1278005583.6432142
962040791.7608333 7.304869987066733 4.61069383385727e-16 4.2780521334107484e-16 -3.32641700446522e-17 1.5549868016281106e-16 1278005591.7608333
962040803.8467857 7.30758924131247 4.61069383385727e-16 4.952539330500248e-16 3.418454966429774e-17 1.6103557957111677e-16 1278005603.8467855
962040814.0377502 7.3216415365450835 4.61069383385727e-16 7.135454242106096e-16 2.524760408248826e-16 1.7768806850369575e-16 1278005614.0377502
962040823.5278572 7.314975704191151 4.61069383385727e-16 2.5042886581551594e-16 -2.106405175702111e-16 1.3970834884757695e-16 1278005623.5278573
962040833.167 7.311350031863505 4.61069383385727e-16 3.569257511301464e-16 -1.0414363225558066e-16 1.4935910261528725e-16 1278005633.167
962040840.1725 3.644752338574839 4.61069383385727e-16 4.258050379829006e-16 -3.526434540282646e-17 2.199019669451274e-16 1278005640.1725001
962040882.9473529 7.241448870962803 4.610693833857269e-16 6.186590694651862e-16 1.5758968607945924e-16 1.7152792793733265e-16 1278005682.947353
962040894.0157144 7.245907772334691 4.61069383385727e-16 2.5976087868582567e-16 -2.0130850469990137e-16 1.4124545708817056e-16 1278005694.0157144
962040901.4433333 7.2386001284196535 4.61069383385727e-16 3.32764651280837e-16 -1.2830473210489001e-16 1.4797058509989923e-16 1278005701.4433331
962040911.4855556 7.240947807551063 4.61069383385727e-16 3.2725218398644823e-16 -1.338171993992788e-16 1.4745472601014334e-16 1278005711.4855556
962040922.7377777 7.234597251051707 4.61069383385727e-16 6.534474928618881e-16 1.9237810947616108e-16 1.7426261956560592e-16 1278005722.7377777
962040931.7660002 7.232767525109962 4.61069383385727e-16 5.468675110633206e-16 8.579812767759357e-17 1.6602019718161561e-16 1278005731.7660003
962040942.6175 7.236680323662313 4.61069383385727e-16 4.3569601324845026e-16 -2.5373370137276777e-17 1.56894203425079e-16 1278005742.6174998
962040951.6486366 7.234974456092008 4.61069383385727e-16 4.00844434616593e-16 -6.022494876913404e-17 1.5395522279350316e-16 1278005751.6486366
962040962.6754168 7.236207409880445 4.610693833857269e-16 4.365878711357957e-16 -2.448151224993122e-17 1.5697427496153804e-16 1278005762.675417
962040972.8749999 7.242040013190136 4.61069383385727e-16 4.763716137379912e-16 1.5302230352264126e-17 1.6021719184251304e-16 1278005772.875
962040978.9935714 1.4465495061002287 4.61069383385727e-16 1.2944118527077557e-15 8.333424693220287e-16 4.862564535124659e-16 1278005778.9935713
962041017.0916667 1.4511441466616857 4.61069383385727e-16 5.452786464909337e-16 8.420926310520667e-17 3.703627807075885e-16 1278005817.0916667
962041023.0986667 7.245327889959307 4.61069383385727e-16 5.454459886903367e-16 8.437660530460969e-17 1.6576331777089935e-16 1278005823.0986667
962041032.349091 7.2382792226391 4.61069383385727e-16 3.980444225442764e-16 -6.302496084145064e-17 1.5368005199881283e-16 1278005832.349091
962041043.5783334 7.229924412492786 4.61069383385727e-16 3.2700980758046736e-16 -1.3405957580525968e-16 1.4754541351807989e-16 1278005843.5783334
962041053.9237499 7.237598001596174 4.61069383385727e-16 4.3553592649305654e-16 -2.5533456892670496e-17 1.5687080161035433e-16 1278005853.92375
962041063.3263891 7.229744254861599 4.61069383385727e-16 6.558288653912603e-16 1.9475948200553324e-16 1.7450132062027601e-16 1278005863.326389
962041071.8929167 7.224300116444154 4.61069383385727e-16 4.345798522491478e-16 -2.6489531136579254e-17 1.5693465858996408e-16 1278005871.8929167
962041082.5803334 7.219019245879975 4.61069383385727e-16 5.475562802817642e-16 8.648689689603716e-17 1.6623299197486352e-16 1278005882.5803332
962041093.2728571 7.230335397088932 4.61069383385727e-16 5.076515970597366e-16 4.6582213674009577e-17 1.6290119124017585e-16 1278005893.2728572
962041101.4690001 7.224699841188351 4.610693833857269e-16 1.8156129557737824e-16 -2.795080878083487e-16 1.339515007565102e-16 1278005901.469
962041111.3358332 5.054612238064743 4.61069383385727e-16 3.083730913552822e-16 -1.5269629203044482e-16 1.7445562727379108e-16 1278005911.335833
962041156.1475 3.6387064190442913 4.61069383385727e-16 5.873425393756984e-16 1.2627315598997133e-16 2.38558668774276e-16 1278005956.1475
962041162.5907142 7.272103817894529 4.61069383385727e-16 5.161530495830303e-16 5.5083666197303234e-17 1.6311806527776678e-16 1278005962.5907142
962041173.6615 7.222188894203678 4.61069383385727e-16 3.6644308164206237e-16 -9.462630174366466e-17 1.5111272959989974e-16 1278005973.6615
962041182.4800001 7.145610641097093 4.61069383385727e-16 3.7194259863509976e-16 -8.912678475062728e-17 1.5240297866746733e-16 1278005982.48
962041193.0120002 7.184806185732297 4.61069383385727e-16 5.539195339527635e-16 9.285015056703647e-17 1.6713476240252065e-16 1278005993.012
962041203.1299999 7.266901766293995 4.61069383385727e-16 3.63450223983395e-16 -9.761915940233206e-17 1.5038600144893417e-16 1278006003.1299999
962041212.0311538 7.266935545849841 4.61069383385727e-16 4.712598223760094e-16 1.0190438990282391e-17 1.5952226255495446e-16 1278006012.0311537
962041223.3723077 7.266276844510814 4.61069383385727e-16 4.750220105594447e-16 1.3952627173717644e-17 1.598389128180956e-16 1278006023.3723078
962041233.3436842 7.19026158400169 4.61069383385727e-16 7.030164233745464e-16 2.4194703998881933e-16 1.7852301822931708e-16 1278006033.3436842
962041241.55 7.145098317833405 4.61069383385727e-16 4.1229934801127104e-16 -4.8770035374455997e-17 1.559048924466983e-16 1278006041.55
962041249.0987499 2.126364356072466 4.61069383385727e-16 5.055213747118155e-16 4.445199132608849e-17 3.000709949882002e-16 1278006049.0987499
962041294.233095 6.509241929870889 4.61069383385727e-16 8.69118030152143e-16 4.08048646766416e-16 2.0018781383759433e-16 1278006094.2330952
962041303.9022727 7.236196150028496 4.61069383385727e-16 8.257073004027016e-16 3.646379170169746e-16 1.868266463970587e-16 1278006103.9022727
962041313.0823333 7.229034884188799 4.61069383385727e-16 5.679310610076943e-16 1.0686167762196728e-16 1.677290983377445e-16 1278006113.0823333
962041323.7022222 7.2499106497026355 4.61069383385727e-16 3.3403455993299533e-16 -1.270348234527317e-16 1.4796812685304968e-16 1278006123.7022223
962041334.3157693 7.2619586912882905 4.61069383385727e-16 4.832862498581115e-16 2.221686647238449e-17 1.6056422493970748e-16 1278006134.3157692
962041344.3449999 7.260843965945318 4.61069383385727e-16 4.824329799189613e-16 2.1363596533234256e-17 1.6050669549024858e-16 1278006144.3449998
962041352.3840625 7.254774905744693 4.61069383385727e-16 5.948124170268016e-16 1.337430336410746e-16 1.6953002267902233e-16 1278006152.3840625
962041362.44625 7.2562499463500405 4.61069383385727e-16 4.455534496219196e-16 -1.5515933763807478e-17 1.5750771591837933e-16 1278006162.44625
962041371.9385 7.253716479661469 4.61069383385727e-16 3.7010986592615385e-16 -9.095951745957319e-17 1.5110356205654293e-16 1278006171.9385
962041382.61 7.251374430456032 4.61069383385727e-16 3.3470418708886436e-16 -1.2636519629686267e-16 1.4801274161295405e-16 1278006182.6100001
962041393.1365 7.212325263896169 4.61069383385727e-16 3.8030136052374506e-16 -8.076802286198198e-17 1.524238032041155e-16 1278006193.1365
962041403.171111 7.212342153674092 4.61069383385727e-16 6.763992073891876e-16 2.1532982400346054e-16 1.762626770996263e-16 1278006203.171111
962041409.9455556 2.8829207270045494 4.61069383385727e-16 8.3773899466501945e-16 3.766696112792924e-16 2.973329053158791e-16 1278006209.9455557
962045737.715 0.7197929543179102 4.703976768611129e-16 1.1294152398867986e-15 6.590175630256857e-16 6.588609454781183e-16 1278010537.7150002
962045742.4897221 7.207849472746358 4.703976768611129e-16 6.794650161277001e-16 2.090673392665872e-16 1.7730109710326624e-16 1278010542.4897223
962045753.6422726 7.21095719188434 4.703976768611129e-16 4.1417845991580984e-16 -5.621921694530308e-17 1.5620680212062125e-16 1278010553.6422725
962045763.4317647 7.210506797806372 4.703976768611129e-16 6.383315872445454e-16 1.6793391038343248e-16 1.7417035409034673e-16 1278010563.4317646
962045773.1084999 7.181946183337197 4.703976768611129e-16 3.7412327430401406e-16 -9.627440255709887e-17 1.530838730355321e-16 1278010573.1085
962045784.0911111 7.200705096684583 4.703976768611129e-16 3.39358847033436e-16 -1.310388298276769e-16 1.4984048677335108e-16 1278010584.0911112
962045793.6896875 7.2317485085085575 4.703976768611129e-16 5.985475645111188e-16 1.2814988765000589e-16 1.7086906799057406e-16 1278010593.6896875
962045803.3630556 7.235548708541417 4.703976768611129e-16 6.755551730778858e-16 2.051574962167729e-16 1.7666975704426775e-16 1278010603.3630557
962045854.9277272 5.071283069841729 4.703976768611129e-16 5.931479622366124e-16 1.2275028537549949e-16 2.0354653064447957e-16 1278010654.9277272
962045863.1037499 7.2312812246526645 4.703976768611129e-16 9.16154636822744e-16 4.457569599616311e-16 1.9385787648374338e-16 1278010663.1037498
962045872.1354545 7.229215041819986 4.703976768611129e-16 4.2132283022824605e-16 -4.907484663286688e-17 1.5661276578737042e-16 1278010672.1354547
962045883.805909 7.243751510686417 4.703976768611129e-16 4.221465039749119e-16 -4.825117288620104e-17 1.565248851464725e-16 1278010683.8059092
962045891.58125 7.249212538881784 4.703976768611129e-16 3.073871747910899e-16 -1.6301050207002305e-16 1.464929312192227e-16 1278010691.58125
962045903.0785 7.252590494466549 4.703976768611129e-16 3.7555492865625484e-16 -9.484274820485809e-17 1.5246009507804398e-16 1278010703.0785
962045912.961389 7.248199152206355 4.703976768611129e-16 6.820330911462797e-16 2.1163541428516675e-16 1.769980320099375e-16 1278010712.961389
962045925.0174999 7.255169000562917 4.703976768611129e-16 2.2749585467567316e-16 -2.4290182218543977e-16 1.3907154287357485e-16 1278010725.0175
962045932.221111 7.251098564083277 4.703976768611129e-16 3.340976867805812e-16 -1.3629999008053172e-16 1.4885447022096736e-16 1278010732.221111
962045940.7666668 4.342352124700855 4.703976768611129e-16 7.51719437553654e-16 2.8132176069254107e-16 2.3527795823794267e-16 1278010740.766667
962045992.5220001 7.251734745718407 4.703976768611129e-16 3.791257757467e-16 -9.127190111441291e-17 1.5277697712250103e-16 1278010792.522
962046003.4292856 7.251160493268998 4.703976768611129e-16 5.351321826447743e-16 6.473450578366137e-17 1.6567713933644677e-16 1278010803.4292855
962046012.7407693 7.262549833515624 4.70397676861113e-16 4.947416749109856e-16 2.4343998049872622e-17 1.6230961977517892e-16 1278010812.7407694
962046022.5381818 7.2686076338643 4.703976768611129e-16 4.194762577036473e-16 -5.092141915746563e-17 1.5603250584218177e-16 1278010822.5381818
962046033.9513159 7.257218293617673 4.703976768611129e-16 7.194263822433788e-16 2.490287053822659e-16 1.7964626442190153e-16 1278010833.9513159
962046042.7870001 7.258434357628188 4.703976768611129e-16 3.784138597205066e-16 -9.198381714060633e-17 1.5264514826491884e-16 1278010842.7870002
962046053.8161538 7.264627276200254 4.703976768611129e-16 4.823926512766436e-16 1.1994974415530702e-17 1.6128373016098223e-16 1278010853.8161538
