light_curves/galex/3190028616332214857_LC.ecsv
# %ECSV 0.9
# ---
# datatype:
# - {name: t_mean, datatype: float64}
# - {name: exptime, datatype: float64}
# - {name: mcatbg_flux, datatype: float64}
# - {name: flux_acorr, datatype: float64}
# - {name: flux_mcatbgsub_acorr, datatype: float64}
# - {name: flux_mcatbgsub_err, datatype: float64}
# - {name: time, datatype: float64}
# meta: !!omap
# - __serialized_columns__:
#     time:
#       __class__: astropy.time.core.Time
#       format: unix
#       in_subfmt: '*'
#       out_subfmt: '*'
#       precision: 3
#       scale: utc
#       value: !astropy.table.SerializedColumn {name: time}
# schema: astropy-2.0
t_mean exptime mcatbg_flux flux_acorr flux_mcatbgsub_acorr flux_mcatbgsub_err time
[from data line 781]
962034612.4916666 7.359480269020407 4.62377522882143e-16 6.476878676097812e-16 1.8531034472763816e-16 1.7245116125185078e-16 1277999412.4916666
962034622.9084375 7.364355784914415 4.623775228821431e-16 5.727783869829458e-16 1.1040086410080262e-16 1.6666829405974354e-16 1277999422.9084375
962034633.5016667 7.370115199186436 4.62377522882143e-16 4.268668252271302e-16 -3.5510697655012826e-17 1.5484846146962666e-16 1277999433.5016665
962034641.9523076 7.362554208602542 4.62377522882143e-16 4.631543401131553e-16 7.768172310123014e-19 1.5793462895550612e-16 1277999441.9523077
962034653.3816665 7.364102438245558 4.62377522882143e-16 5.329090111777678e-16 7.053148829562481e-17 1.635419345584248e-16 1277999453.3816667
962034703.1558332 7.3390211180286915 4.62377522882143e-16 4.243006023878172e-16 -3.8076920494325863e-17 1.5496096088704503e-16 1277999503.1558332
962034713.8292856 7.334500287471083 4.62377522882143e-16 7.481323481596696e-16 2.8575482527752657e-16 1.801512117665385e-16 1277999513.8292856
962034722.3284376 7.33310406582938 4.623775228821431e-16 5.668165273072801e-16 1.04439004425137e-16 1.6655790214001042e-16 1277999522.3284376
962034733.7447369 7.335226547921807 4.62377522882143e-16 6.725208653196327e-16 2.1014334243748966e-16 1.745963243992426e-16 1277999533.744737
962034743.032353 7.333717727760613 4.62377522882143e-16 6.027252289089203e-16 1.4034770602677723e-16 1.6933319337804454e-16 1277999543.032353
962034753.126389 7.33560938288808 4.623775228821429e-16 6.381936761560063e-16 1.7581615327386335e-16 1.7201499228804463e-16 1277999553.126389
962034764.4982144 7.33482682317761 4.62377522882143e-16 5.004038863449335e-16 3.802636346279045e-17 1.6126656306907357e-16 1277999564.4982142
962034772.6629999 7.331555836186364 4.62377522882143e-16 3.5916760393162064e-16 -1.032099189505224e-16 1.4947165920903512e-16 1277999572.6629999
962034783.5972725 7.3310266231447505 4.623775228821431e-16 3.883157449814906e-16 -7.406177790065253e-17 1.5199421978811412e-16 1277999583.5972724
962034790.6979412 3.6628750702870945 4.62377522882143e-16 1.2065125543296931e-15 7.441350314475501e-16 2.981122391111864e-16 1277999590.6979413
962034828.4783334 1.4584905790923668 4.62377522882143e-16 5.290121480792842e-16 6.663462519714119e-17 3.667884872139863e-16 1277999628.4783335
962034843.7623332 5.845365400332759 4.62377522882143e-16 6.624483006738476e-16 2.0007077779170456e-16 1.9474264000525584e-16 1277999643.7623332
962034853.2216667 7.310449243707567 4.62377522882143e-16 4.239023812011661e-16 -3.847514168097692e-17 1.5523000309949241e-16 1277999653.2216668
962034861.515 7.305112073883642 4.62377522882143e-16 3.194095505869493e-16 -1.4296797229519372e-16 1.4623236508910187e-16 1277999661.5149999
962034872.8413638 7.313433104474108 4.62377522882143e-16 3.9083998443696513e-16 -7.153753844517791e-17 1.5239322055937709e-16 1277999672.841364
962034884.4346875 7.320633779795629 4.62377522882143e-16 5.702380568672021e-16 1.078605339850591e-16 1.6696704670937177e-16 1277999684.4346876
962034893.588611 7.321450119061947 4.62377522882143e-16 6.374846369676912e-16 1.7510711408554813e-16 1.7212756251538429e-16 1277999693.5886111
962034902.7030768 7.321292481134658 4.62377522882143e-16 4.648586385902753e-16 2.4811157081322223e-18 1.5851925235597808e-16 1277999702.7030768
962034913.2415385 7.314407081667715 4.62377522882143e-16 4.637841731849339e-16 1.4066503027908172e-18 1.5850542989528564e-16 1277999713.2415385
962034923.319167 7.314688577966447 4.62377522882143e-16 4.2664599040043193e-16 -3.573153248171111e-17 1.554154950908658e-16 1277999723.3191671
962034928.66625 0.7288621440968209 4.62377522882143e-16 1.4276985046817824e-15 9.653209817996393e-16 7.103080126562931e-16 1277999728.66625
962034967.765 1.4483348136003575 4.62377522882143e-16 1.8118270093830999e-16 -2.8119482194383305e-16 2.994009071880036e-16 1277999767.7649999
962034973.7739999 7.2432504472746775 4.62377522882143e-16 3.5793214236445574e-16 -1.044453805176873e-16 1.502717548174249e-16 1277999773.774
962034981.0165384 7.264897512647035 4.62377522882143e-16 4.584397794790586e-16 -3.937743403084447e-18 1.5860259883325712e-16 1277999781.0165384
962034992.5008333 7.272070038338683 4.62377522882143e-16 6.34095651542865e-16 1.7171812866072195e-16 1.7245328916278295e-16 1277999792.5008333
962035002.5035715 7.264176882122284 4.623775228821431e-16 4.958142567484453e-16 3.343673386630216e-17 1.6167638875883784e-16 1277999802.5035715
962035013.6285714 7.262904518852025 4.62377522882143e-16 2.4937125466361513e-16 -2.130062682185279e-16 1.4024147100470483e-16 1277999813.6285715
962035023.1709375 7.276433230969001 4.62377522882143e-16 5.714300799555747e-16 1.0905255707343165e-16 1.6756671926059237e-16 1277999823.1709375
962035033.22325 7.264683575459999 4.62377522882143e-16 7.097360108636511e-16 2.473584879815081e-16 1.782066426884999e-16 1277999833.22325
962035042.9165384 7.242721234233064 4.62377522882143e-16 4.627092691557505e-16 3.3174627360747965e-19 1.5919897518286488e-16 1277999842.9165382
962035053.0465219 7.238690207235247 4.62377522882143e-16 8.1855493873388915e-16 3.561774158517461e-16 1.863888800622276e-16 1277999853.046522
962035061.5161111 5.785124571438302 4.62377522882143e-16 4.0281225602571996e-16 -5.956526685642308e-17 1.724931495684717e-16 1277999861.5161111
962035114.8103334 5.7826255052717555 4.62377522882143e-16 6.748618675871699e-16 2.1248434470502682e-16 1.968397434341807e-16 1277999914.8103333
962035123.286389 7.227115079431457 4.62377522882143e-16 6.504799088462089e-16 1.8810238596406583e-16 1.7423494678444658e-16 1277999923.2863889
962035132.6447225 7.230802680944825 4.62377522882143e-16 6.541125320651971e-16 1.9173500918305402e-16 1.7446552240271999e-16 1277999932.6447225
962035142.7434616 7.23376965193344 4.62377522882143e-16 4.725267295177076e-16 1.0149206635564565e-17 1.601084139645911e-16 1277999942.7434616
962035153.4436666 7.227993347883497 4.62377522882143e-16 5.437606749843982e-16 8.138315210225513e-17 1.6594021897995515e-16 1277999953.4436665
962035162.9533333 7.226191771571623 4.62377522882143e-16 5.390811136639518e-16 7.670359078180877e-17 1.6558811715045136e-16 1277999962.9533334
962035173.6019231 7.230442365682449 4.62377522882143e-16 4.65608956482574e-16 3.23143360043098e-18 1.595741067622045e-16 1277999973.601923
962035183.1526316 7.222684327689444 4.62377522882143e-16 6.813980518696369e-16 2.1902052898749383e-16 1.7661666936949312e-16 1277999983.1526318
962035193.3489999 7.224547833187037 4.62377522882143e-16 5.385374458194798e-16 7.615992293733675e-17 1.6556358642832057e-16 1277999993.349
962035198.775 1.4465157265443813 4.62377522882143e-16 1.075252899592912e-15 6.12875376710769e-16 4.557636677793726e-16 1277999998.775
962035253.2200001 6.5071757470382074 4.62377522882143e-16 4.796171471795844e-16 1.7239624297441393e-17 1.6942565069036451e-16 1278000053.2200003
962035264.0009091 7.232694336072293 4.62377522882143e-16 3.911563530163958e-16 -7.122116986574725e-17 1.532686818750082e-16 1278000064.000909
962035273.2676666 7.2405030433990705 4.62377522882143e-16 5.346296992328217e-16 7.225217635067861e-17 1.6506934861930205e-16 1278000073.2676666
962035284.681 7.233572604524331 4.62377522882143e-16 3.5892239030721994e-16 -1.034551325749231e-16 1.5045909795675712e-16 1278000084.681
962035295.2607498 7.24035666532373 4.62377522882143e-16 7.175663634450072e-16 2.551888405628641e-16 1.7908300066793316e-16 1278000095.2607498
962035302.6622221 7.237451623520833 4.623775228821429e-16 3.2468639041519763e-16 -1.3769113246694532e-16 1.4738714574275407e-16 1278000102.6622221
962035312.9708334 7.23920816042491 4.623775228821429e-16 6.437584466922913e-16 1.813809238101483e-16 1.7357965201764808e-16 1278000112.9708333
962035323.5507692 7.229226301671935 4.62377522882143e-16 4.666579626218338e-16 4.280439739690754e-18 1.5967427386481598e-16 1278000123.5507693
962035332.3015625 5.776004091359441 4.62377522882143e-16 7.222575776294642e-16 2.5988005474732113e-16 2.0088906132068573e-16 1278000132.3015625
962035390.5699999 7.215410463330253 4.62377522882143e-16 3.637539870071807e-16 -9.862353587496233e-17 1.510719229943924e-16 1278000190.57
962035403.6859092 7.15544612177473 4.62377522882143e-16 4.0724995251946847e-16 -5.5127570362674575e-17 1.5548042294377191e-16 1278000203.6859093
962035413.8209375 7.2506481700053085 4.62377522882143e-16 5.829756586613718e-16 1.2059813577922878e-16 1.6876721721892515e-16 1278000213.8209376
962035422.996875 7.260849595871292 4.62377522882143e-16 2.8747219990502367e-16 -1.7490532297711937e-16 1.437871942148321e-16 1278000222.996875
962035434.0308334 7.261733494249308 4.62377522882143e-16 6.520006884095857e-16 1.896231655274427e-16 1.7393407961475956e-16 1278000234.0308332
962035443.0125 7.236556465290871 4.62377522882143e-16 5.789169561459479e-16 1.1653943326380483e-16 1.6861432927191844e-16 1278000243.0125
962035453.6295 7.138505674517141 4.62377522882143e-16 3.641000404630547e-16 -9.827748241908836e-17 1.5191396488708951e-16 1278000253.6295
962035463.3926667 7.140431109200457 4.62377522882143e-16 5.435068840339207e-16 8.112936115177766e-17 1.6693425401405399e-16 1278000263.3926668
962035472.9115386 7.211525814407774 4.62377522882143e-16 4.697567421811499e-16 7.379219299006836e-18 1.601264007598832e-16 1278000272.9115386
962035482.9224999 7.247174505678976 4.62377522882143e-16 7.222549420062113e-16 2.5987741912406824e-16 1.7934332097981515e-16 1278000282.9225
962035492.5524999 5.7955005250094995 4.62377522882143e-16 5.430914802177185e-16 8.071395733557542e-17 1.85257442611215e-16 1278000292.5524998
962039825.5228571 4.234877458811815 4.61069383385727e-16 4.4220050340965535e-16 -1.8868879976071683e-17 2.0580893414621348e-16 1278004625.5228572
962039832.3123529 7.062574862897638 4.61069383385727e-16 6.502825934597158e-16 1.8921321007398873e-16 1.7612946818070764e-16 1278004632.312353
962039842.2191666 7.110761399314286 4.61069383385727e-16 4.555478554635434e-16 -5.5215279221836246e-18 1.5995165630457972e-16 1278004642.2191668
962039852.8445455 7.130257832964345 4.61069383385727e-16 4.1899111818932675e-16 -4.2078265196400286e-17 1.5663986275996615e-16 1278004652.8445454
962039863.5235714 7.07839495488628 4.61069383385727e-16 5.334356582759756e-16 7.236627489024855e-17 1.6673826821926446e-16 1278004663.5235715
962039870.8628572 4.262576073640695 4.61069383385727e-16 8.959327888841746e-16 4.348634054984476e-16 2.4979616169989017e-16 1278004670.8628573
962039883.7158332 5.7359703087202005 4.61069383385727e-16 2.8462613614462106e-16 -1.7644324724110598e-16 1.6133616758463149e-16 1278004683.7158332
962039891.08375 4.323351124536561 4.61069383385727e-16 5.031009071225089e-16 4.203152373678188e-17 2.1018805684281928e-16 1278004691.08375
962039934.1404166 5.772576087407085 4.61069383385727e-16 5.587834616569542e-16 9.771407827122712e-17 1.8689236640183332e-16 1278004734.1404166
962039943.49375 7.221580862198421 4.61069383385727e-16 1.4941228444419062e-16 -3.116570989415364e-16 1.307711378705746e-16 1278004743.49375
962039953.4383334 7.233899140230857 4.61069383385727e-16 4.493898519156852e-16 -1.1679531470041814e-17 1.58071351112277e-16 1278004753.4383335
962039965.3005002 7.236708473292185 4.61069383385727e-16 3.7619716501606633e-16 -8.48722183696607e-17 1.5181071193537647e-16 1278004765.3005002
962039973.3125 7.231208035614996 4.61069383385727e-16 3.766785795523761e-16 -8.439080383335092e-17 1.5191026614603586e-16 1278004773.3125
962039982.65125 7.235464259651798 4.61069383385727e-16 4.517235680033192e-16 -9.345815382407826e-18 1.5824887484678917e-16 1278004782.65125
962039993.6073334 7.2413475322952605 4.61069383385727e-16 5.640447814159905e-16 1.0297539803026342e-16 1.672805586053532e-16 1278004793.6073334
962040002.6056666 7.236545205438922 4.61069383385727e-16 5.626947106432837e-16 1.016253272575567e-16 1.6722962697684266e-16 1278004802.6056666
962040012.24625 7.243537573499381 4.61069383385727e-16 4.497029453732235e-16 -1.1366438012503579e-17 1.5799225913577647e-16 1278004812.2462502
962040022.3505001 7.247833207018006 4.61069383385727e-16 3.733100957848198e-16 -8.775928760090724e-17 1.51443363488258e-16 1278004822.3505
962040030.4235715 2.1719554966148205 4.61069383385727e-16 8.723759118373153e-16 4.113065284515882e-16 3.469719509478424e-16 1278004830.4235716
962040064.8479999 2.9100012919085807 4.61069383385727e-16 4.577992100342446e-16 -3.270173351482479e-18 2.503297580808569e-16 1278004864.848
962040072.4160715 7.259149358226963 4.61069383385727e-16 5.147914292970345e-16 5.372204591130744e-17 1.631538729520179e-16 1278004872.4160714
962040084.028125 7.2543470313706235 4.61069383385727e-16 5.891737430052212e-16 1.2810435961949418e-16 1.6909693315836792e-16 1278004884.028125
962040092.3104999 7.251059154601455 4.61069383385727e-16 3.770370048109986e-16 -8.403237857472844e-17 1.5173327392931965e-16 1278004892.3105
962040102.9236363 7.2587890429645885 4.61069383385727e-16 4.105608413342274e-16 -5.0508542051499613e-17 1.5453131195581764e-16 1278004902.9236364
962040112.1683334 7.267093183777131 4.61069383385727e-16 4.475482670920048e-16 -1.3521116293722189e-17 1.5755651114106e-16 1278004912.1683335
962040123.4529166 7.275324135552004 4.61069383385727e-16 4.481855861786008e-16 -1.2883797207126249e-17 1.5752043896253748e-16 1278004923.4529166
962040131.7888235 7.269131216979938 4.61069383385727e-16 6.340486854918985e-16 1.7297930210617148e-16 1.7237707502741875e-16 1278004931.7888236
962040144.0111539 7.277317129347015 4.61069383385727e-16 4.802793580877767e-16 1.9209974702049677e-17 1.6014868327675415e-16 1278004944.011154
962040152.7924999 7.279946304777156 4.61069383385727e-16 4.474375877848256e-16 -1.3631795600901442e-17 1.5740814582193922e-16 1278004952.7925
962040161.3625 6.5471138209358815 4.61069383385727e-16 3.305164179942496e-16 -1.3055296539147743e-16 1.5537782696167234e-16 1278004961.3625
962040202.6135186 5.83415621771732 4.61069383385727e-16 1.233167057735688e-15 7.72097674349961e-16 2.379534890440821e-16 1278005002.6135187
962040212.5964998 7.302454748823628 4.61069383385727e-16 7.290004802367549e-16 2.679310968510279e-16 1.79052905174547e-16 1278005012.5965
962040223.5870001 7.308354911245015 4.61069383385727e-16 3.6615911258216127e-16 -9.491027080356576e-17 1.501945879070405e-16 1278005023.5870001
962040233.3676924 7.322159489734748 4.61069383385727e-16 4.767764416626964e-16 1.570705827696937e-17 1.5937133723332485e-16 1278005033.3676925
962040242.8192858 7.3281103214899055 4.61069383385727e-16 5.121875575685612e-16 5.111817418283414e-17 1.6217543000179263e-16 1278005042.8192859
962040252.4415386 7.335631902591978 4.61069383385727e-16 4.769300913938046e-16 1.5860708008077597e-17 1.5923747455201606e-16 1278005052.4415386
962040263.5367501 7.3359753280764295 4.61069383385727e-16 7.336750441539261e-16 2.7260566076819906e-16 1.7898342712506205e-16 1278005063.53675
962040274.4164286 7.337574227053217 4.61069383385727e-16 5.151176521797803e-16 5.4048268794053224e-17 1.6230576898253166e-16 1278005074.4164286
962040281.5302632 7.340935292860056 4.61069383385727e-16 6.950278439229341e-16 2.33958460537207e-16 1.7609266162191536e-16 1278005081.5302632
962040291.8966668 7.328881621348426 4.61069383385727e-16 5.505527952228238e-16 8.948341183709672e-17 1.6521866969341026e-16 1278005091.8966668
962040300.8784614 2.925167691517989 4.61069383385727e-16 1.2005542038091072e-15 7.394848204233801e-16 3.3287032995945237e-16 1278005100.8784614
962040336.85125 2.195995901492565 4.61069383385727e-16 4.88714572451403e-16 2.7645189065675948e-17 2.927913589468398e-16 1278005136.8512502
962040342.7824999 7.324963192870101 4.61069383385727e-16 4.4375244965869215e-16 -1.7316933727034892e-17 1.5661746778343896e-16 1278005142.7824998
962040352.5136111 7.32562189420913 4.61069383385727e-16 6.668696253114812e-16 2.058002419257542e-16 1.741833045132419e-16 1278005152.513611
962040363.7988235 7.335440485108843 4.61069383385727e-16 6.18774873824213e-16 1.5770549043848594e-16 1.7043430036965702e-16 1278005163.7988234
