light_curves/galex/3190028616332214700_LC.ecsv
# %ECSV 0.9
# ---
# datatype:
# - {name: t_mean, datatype: float64}
# - {name: exptime, datatype: float64}
# - {name: mcatbg_flux, datatype: float64}
# - {name: flux_acorr, datatype: float64}
# - {name: flux_mcatbgsub_acorr, datatype: float64}
# - {name: flux_mcatbgsub_err, datatype: float64}
# - {name: time, datatype: float64}
# meta: !!omap
# - __serialized_columns__:
#     time:
#       __class__: astropy.time.core.Time
#       format: unix
#       in_subfmt: '*'
#       out_subfmt: '*'
#       precision: 3
#       scale: utc
#       value: !astropy.table.SerializedColumn {name: time}
# schema: astropy-2.0
t_mean exptime mcatbg_flux flux_acorr flux_mcatbgsub_acorr flux_mcatbgsub_err time
[from data line 335]
962016492.9528126 7.3009853381442555 4.3757783261873007e-16 5.271647884687658e-16 8.958695585003569e-17 1.6163937826021311e-16 1277981292.9528127
962016500.975 7.295259703428082 4.3757783261873007e-16 3.9441914588788204e-16 -4.315868673084803e-17 1.5058188202567429e-16 1277981300.975
962016509.4195 2.9151070138013693 4.3757783261873007e-16 8.162131926283653e-16 3.7863536000963527e-16 2.904502261196896e-16 1277981309.4194999
962016552.8958695 7.307166996864373 4.3757783261873007e-16 7.525281524467232e-16 3.149503198279931e-16 1.7886177302689323e-16 1277981352.8958695
962016562.1835712 7.318854723187655 4.3757783261873007e-16 6.860874893894871e-16 2.48509656770757e-16 1.7380399532009205e-16 1277981362.1835713
962016572.0614283 7.322193269290595 4.3757783261873007e-16 4.590828713449491e-16 2.1505038726219033e-17 1.558108035891304e-16 1277981372.0614283
962016582.5027274 7.316169248497767 4.3757783261873007e-16 3.6105243022834814e-16 -7.652540239038193e-17 1.47443729721366e-16 1277981382.5027275
962016592.5252942 7.319502164674734 4.3757783261873007e-16 5.650498260932603e-16 1.2747199347453018e-16 1.6446597680565082e-16 1277981392.5252943
962016601.700294 7.311777906237574 4.3757783261873007e-16 5.6714106426397e-16 1.295632316452399e-16 1.6471860816897034e-16 1277981401.700294
962016611.957 7.306789791824074 4.3757783261873007e-16 8.296618218165251e-16 3.9208398919779504e-16 1.8441250480939096e-16 1277981411.957
962016621.7728786 7.304385813432917 4.3757783261873007e-16 1.0890923411491947e-15 6.515145085304646e-16 2.0198491330702542e-16 1277981421.7728786
962016633.0308334 7.306367547375979 4.3757783261873007e-16 5.911071742079376e-16 1.535293415892075e-16 1.666684113885492e-16 1277981433.0308332
962016640.9278946 5.835129573944747 4.3757783261873007e-16 7.807614485377946e-16 3.431836159190645e-16 2.0244890441663575e-16 1277981440.9278946
962016684.5612501 2.9455824240680877 4.3757783261873007e-16 3.2905190465028316e-16 -1.0852592796844691e-16 2.278661390291592e-16 1277981484.5612502
962016694.375 7.3562486915109835 4.3757783261873007e-16 5.559891521334939e-16 1.184113195147638e-16 1.633366457590216e-16 1277981494.375
962016701.0069444 7.364355784914415 4.3757783261873007e-16 5.901158974308347e-16 1.5253806481210464e-16 1.6593353245197612e-16 1277981501.0069444
962016711.3063333 7.355668809135599 4.3757783261873007e-16 4.932392605896675e-16 5.566142797093738e-17 1.5828070898711586e-16 1277981511.3063333
962016721.2912499 7.3534168387457575 4.3757783261873007e-16 7.882426100691715e-16 3.506647774504414e-16 1.8087922114365424e-16 1277981521.2912498
962016733.3420833 7.339899386480729 4.3757783261873007e-16 7.910271422480746e-16 3.534493096293445e-16 1.812455571593309e-16 1277981533.3420835
962016742.7919048 7.342978955988839 4.3757783261873007e-16 6.91322639126797e-16 2.5374480650806695e-16 1.7390991204244506e-16 1277981542.791905
962016752.6211765 7.332878868790397 4.3757783261873007e-16 5.651110705544133e-16 1.2753323793568328e-16 1.6432074868414095e-16 1277981552.6211765
962016761.2846665 7.327558588744395 4.3757783261873007e-16 4.980398989144255e-16 6.046206629569538e-17 1.5897777150144846e-16 1277981561.2846665
962016772.1558332 7.332225797377342 4.3757783261873007e-16 3.964089493407703e-16 -4.1168883277959775e-17 1.5037413460119611e-16 1277981572.1558332
962016778.1262499 1.4612773924497966 4.3757783261873007e-16 6.608403677697063e-16 2.232625351509762e-16 3.84706815656953e-16 1277981578.1262498
962016825.44875 1.4711416437234843 4.3757783261873007e-16 6.620133438077592e-16 2.244355111890291e-16 3.836132814799894e-16 1277981625.44875
962016831.0319445 7.359919403246426 4.3757783261873007e-16 5.988912609778264e-16 1.6131342835909637e-16 1.6666762754281665e-16 1277981631.0319445
962016841.3495833 7.359407079982737 4.3757783261873007e-16 3.9701856460028216e-16 -4.055926801844791e-17 1.501488374256154e-16 1277981641.3495831
962016851.3928947 7.3674409843485 4.3757783261873007e-16 6.303254170267345e-16 1.9274758440800443e-16 1.6900905892082875e-16 1277981651.3928947
962016863.5634211 7.373684572254336 4.3757783261873007e-16 6.295168450726689e-16 1.919390124539388e-16 1.6887553646306634e-16 1277981663.5634212
962016872.2165625 7.3715958697177575 4.3757783261873007e-16 5.264822645267112e-16 8.890443190798111e-17 1.608084296983003e-16 1277981672.2165625
962016881.8838888 7.375232801897353 4.3757783261873007e-16 2.9912490356700145e-16 -1.3845292905172862e-16 1.4129039088221264e-16 1277981681.8838887
962016891.46 7.368628898729142 4.3757783261873007e-16 3.9690723231737207e-16 -4.0670600301358e-17 1.5004524354389573e-16 1277981691.46
962016901.9076668 7.369878742295503 4.3757783261873007e-16 4.941320230538403e-16 5.655419043511027e-17 1.5820113241667825e-16 1277981701.9076667
962016910.8491176 5.884757371410895 4.3757783261873007e-16 6.991661651187343e-16 2.615883325000042e-16 1.949193703326419e-16 1277981710.8491178
962016966.12 0.7352977704519738 4.3757783261873007e-16 3.42296815363811e-16 -9.528101725491907e-17 4.59825985328997e-16 1277981766.12
962016972.3930771 7.343052145026508 4.3757783261873007e-16 4.3383103668200597e-16 -3.746795936724103e-18 1.5346565061181823e-16 1277981772.3930771
962016982.058261 7.345596871567031 4.3757783261873007e-16 7.763591862225932e-16 3.3878135360386313e-16 1.8012040176775405e-16 1277981782.058261
962016992.6396667 7.3460810452008465 4.3757783261873007e-16 4.9905475005017e-16 6.147691743143993e-17 1.5886023048049862e-16 1277981792.6396666
962017002.8347368 7.3459346671255075 4.3757783261873007e-16 6.316924457841625e-16 1.9411461316543244e-16 1.6936116741943405e-16 1277981802.8347368
962017012.194091 7.349042386263488 4.3757783261873007e-16 3.639179744644286e-16 -7.365985815430147e-17 1.473663092668658e-16 1277981812.1940908
962017021.4338462 7.349183134412853 4.3757783261873007e-16 4.3062298693693287e-16 -6.954845681797206e-18 1.5312983035617873e-16 1277981821.4338462
962017032.0392855 7.353124082595077 4.3757783261873007e-16 6.972603535462013e-16 2.596825209274712e-16 1.742327434550374e-16 1277981832.0392857
962017041.805909 7.348603252037469 4.3757783261873007e-16 7.283309553900822e-16 2.9075312277135215e-16 1.7658621924206845e-16 1277981841.8059092
962017048.4549999 1.4680445634712727 4.3757783261873007e-16 3.3382650703884846e-16 -1.0375132557988161e-16 3.237320821934232e-16 1277981848.455
962017090.4150001 4.371132927249217 4.3757783261873007e-16 4.928415539050767e-16 5.5263721286346623e-17 2.0528281816372391e-16 1277981890.415
962017102.7945346 7.285666309567355 4.3757783261873007e-16 8.234627712735519e-15 7.79704988011679e-15 4.775880722372675e-16 1277981902.7945347
962017111.6248176 7.305275341736905 4.3757783261873007e-16 1.0986187439908892e-14 1.0548609607290163e-14 5.471432406043233e-16 1277981911.6248176
962017120.7327083 7.3040311280965176 4.3757783261873007e-16 7.89389837590498e-16 3.5181200497176798e-16 1.8157226141479403e-16 1277981920.7327085
962017132.5491177 7.301216165109214 4.3757783261873007e-16 5.566937347596368e-16 1.1911590214090677e-16 1.6400722111621568e-16 1277981932.5491176
962017142.7945237 7.304830577584912 4.3757783261873007e-16 6.875618130241825e-16 2.4998398040545246e-16 1.740814288393262e-16 1277981942.7945237
962017154.3961321 7.301874866448244 4.3757783261873007e-16 1.7390414764472033e-15 1.3014636438284731e-15 2.404173409323054e-16 1277981954.396132
962017161.9705263 7.296689704625633 4.3757783261873007e-16 3.788506086286028e-15 3.350928253667298e-15 3.338400108863569e-16 1277981961.9705262
962017171.856779 7.2939423007500235 4.3757783261873007e-16 3.448272228404212e-15 3.010694395785482e-15 3.2029412597739755e-16 1277981971.856779
962017180.8384044 5.829674175675355 4.3757783261873007e-16 3.886942156938415e-15 3.4493643243196845e-15 3.777798633970726e-16 1277981980.8384044
962017224.3900001 1.4517515577007645 4.3757783261873007e-16 3.3082856225151074e-16 -1.0674927036721933e-16 3.2493772594556026e-16 1277982024.39
962017235.3895 2.9090329446409484 4.3757783261873007e-16 8.359600105760155e-16 3.983821779572854e-16 2.9297277751800166e-16 1277982035.3895001
962017243.223421 7.27803212994579 4.3757783261873007e-16 6.306410749302021e-16 1.9306324231147204e-16 1.7006834608540656e-16 1277982043.223421
962017251.4683332 7.277525436608076 4.3757783261873007e-16 7.9868186708788e-16 3.611040344691499e-16 1.8257122464665177e-16 1277982051.4683332
962017261.2482353 7.282761267764458 4.3757783261873007e-16 5.713577321960362e-16 1.3377989957730614e-16 1.6538085835331368e-16 1277982061.2482352
962017270.8007895 7.284590993706206 4.3757783261873007e-16 6.371955514143985e-16 1.9961771879566843e-16 1.7049612874128808e-16 1277982070.8007894
962017281.8977501 7.27803212994579 4.3757783261873007e-16 6.676559401164473e-16 2.3007810749771726e-16 1.7289857545265718e-16 1277982081.8977501
962017292.6238889 7.2713888172957555 4.3757783261873007e-16 6.011426441161887e-16 1.6356481149745863e-16 1.678552826390939e-16 1277982092.623889
962017301.0613636 7.262639912331218 4.3757783261873007e-16 3.6565775564761385e-16 -7.192007697111622e-17 1.4839444517963107e-16 1277982101.0613637
962017313.0380766 7.263383062559868 4.3757783261873007e-16 4.302764848186259e-16 -7.301347800104179e-18 1.5400205408168533e-16 1277982113.0380766
962017319.8854169 3.627226379015892 4.3757783261873007e-16 7.955706348787101e-16 3.5799280225998e-16 2.582882532662552e-16 1277982119.885417
962017362.7603847 6.542959556532801 4.3757783261873007e-16 4.803073488455527e-16 4.272951622682267e-17 1.666955183370682e-16 1277982162.7603846
962017372.1192107 7.264728614867797 4.3757783261873007e-16 6.330025430088958e-16 1.9542471039016574e-16 1.704061275805698e-16 1277982172.1192107
962017382.1933333 7.268331767491545 4.3757783261873007e-16 5.968945131154559e-16 1.593166804967258e-16 1.675580349983167e-16 1277982182.1933331
962017392.1246667 7.2696942095773975 4.3757783261873007e-16 4.971814265417506e-16 5.960359392302053e-17 1.5953860252421542e-16 1277982192.1246667
962017401.9819232 7.264171252196311 4.3757783261873007e-16 4.3530858119733976e-16 -2.2692514213903087e-18 1.5442238320437853e-16 1277982201.981923
962017411.8950002 7.240531193028942 4.3757783261873007e-16 4.3410732917753915e-16 -3.470503441190926e-18 1.5457187618881863e-16 1277982211.8950002
962017421.0364 7.2661023168056 4.3757783261873007e-16 8.331270446831729e-16 3.955492120644428e-16 1.8517403945425172e-16 1277982221.0363998
962017431.8691176 7.26717763266675 4.3757783261873007e-16 5.697189776836683e-16 1.3214114506493825e-16 1.6542805168208785e-16 1277982231.8691177
962017441.6903847 7.264621646274279 4.3757783261873007e-16 4.3413538717388237e-16 -3.442445444847703e-18 1.5431776132630888e-16 1277982241.6903849
962017451.7582352 5.8064732507340056 4.3757783261873007e-16 7.075222462448398e-16 2.699444136261097e-16 1.9692755616588521e-16 1277982251.7582352
962017496.355 0.7255185890340841 4.3757783261873007e-16 3.4280700410664396e-16 -9.477082851208612e-17 4.630595254741073e-16 1277982296.355
962017502.2540001 7.250287854742933 4.3757783261873007e-16 6.765152130687849e-16 2.389373804500548e-16 1.7390090490848007e-16 1277982302.2540002
962017511.3860526 7.2561654974604215 4.3757783261873007e-16 6.372976161488578e-16 1.9971978353012776e-16 1.7083761272293112e-16 1277982311.3860526
962017521.0606251 7.258383688294416 4.3757783261873007e-16 2.6773153502582803e-16 -1.6984629759290204e-16 1.3949502737908023e-16 1277982321.060625
962017532.3724998 7.259779909936118 4.3757783261873007e-16 4.663062148097368e-16 2.8728382191006704e-17 1.5708475435299464e-16 1277982332.3725
962017541.3567647 7.249032381250596 4.3757783261873007e-16 5.653209154205672e-16 1.2774308280183713e-16 1.6528504505347774e-16 1277982341.3567648
962017551.3391668 7.2502034058533145 4.3757783261873007e-16 3.982695413395842e-16 -3.930829127914585e-17 1.5138420043921326e-16 1277982351.3391666
962017561.1109376 7.243013990383743 4.3757783261873007e-16 5.340305807012992e-16 9.645274808256916e-17 1.6284140648944314e-16 1277982361.1109376
962017573.1902941 7.254729866336898 4.3757783261873007e-16 5.695342286396412e-16 1.3195639602091108e-16 1.655552342727831e-16 1277982373.1902943
962017582.1768421 7.249319507475302 4.3757783261873007e-16 6.346820010722584e-16 1.9710416845352835e-16 1.7071669002714305e-16 1277982382.1768422
962017587.7245 2.1702271093406167 4.3757783261873007e-16 1.1116833066328645e-15 6.741054740141344e-16 3.73230808325642e-16 1277982387.7245
962017626.1725 1.4524446595618195 4.3757783261873007e-16 6.790964467019161e-16 2.4151861408318603e-16 3.889708234462059e-16 1277982426.1725001
962017632.6922224 7.254268212406981 4.3757783261873007e-16 3.035203608865314e-16 -1.340574717321987e-16 1.428688208768364e-16 1277982432.6922224
962017640.8471428 7.236117331064852 4.3757783261873007e-16 9.45865093825175e-16 5.082872612064448e-16 1.934039099065436e-16 1277982440.8471427
962017651.6452942 7.25924506696853 4.3757783261873007e-16 5.659984889312802e-16 1.2842065631255017e-16 1.6522265806174515e-16 1277982451.6452942
962017660.4133334 7.259138098375012 4.3757783261873007e-16 3.971079700025883e-16 -4.046986261614179e-17 1.5119004259544908e-16 1277982460.4133334
962017672.7045237 7.258873491854207 4.3757783261873007e-16 6.973242956281847e-16 2.5974646300945463e-16 1.7536502448543398e-16 1277982472.7045236
962017682.0760001 7.253007108988669 4.3757783261873007e-16 4.987185736022868e-16 6.114074098355672e-17 1.598485968039466e-16 1277982482.0760002
962017692.003913 7.24528285055151 4.3757783261873007e-16 7.663415669053144e-16 3.2876373428658433e-16 1.806340568695203e-16 1277982492.003913
962017702.3655263 7.244359542691674 4.3757783261873007e-16 6.345598969631764e-16 1.9698206434444635e-16 1.7076570308037041e-16 1277982502.3655262
962017711.5863334 7.2326549265904685 4.3757783261873007e-16 5.005346880009006e-16 6.295685538217048e-17 1.6022296552210015e-16 1277982511.5863333
962017722.8434376 7.234766148830946 4.3757783261873007e-16 5.361675590727163e-16 9.858972645398626e-17 1.6310710982428092e-16 1277982522.8434377
962017732.3293477 7.240441114213349 4.3757783261873007e-16 7.708504416767979e-16 3.3327260905806785e-16 1.810230256201597e-16 1277982532.3293476
962017742.5895455 7.245063283438499 4.3757783261873007e-16 3.6594605924635777e-16 -7.16317733723723e-17 1.4859989659285067e-16 1277982542.5895455
962017748.7633333 2.8918328998223504 4.3757783261873007e-16 5.025772428853813e-16 6.499941026665124e-17 2.536544508129119e-16 1277982548.7633333
962022056.5725 0.7234805558312768 4.500346688518162e-16 7.132831327076164e-16 2.632484638558002e-16 5.624134618206623e-16 1277986856.5725
962022062.0425001 7.238921034200207 4.500346688518162e-16 4.938194802598694e-16 4.378481140805323e-17 1.6070660936838126e-16 1277986862.0425
962022071.255 7.201330018467765 4.500346688518162e-16 5.988016260565269e-16 1.4876695720471073e-16 1.6953995508570823e-16 1277986871.255
962022081.305 7.144129970565772 4.500346688518162e-16 1.1321158637750263e-15 6.820811949232101e-16 2.0789819612528764e-16 1277986881.3049998
962022091.8963044 7.1721107026595625 4.500346688518162e-16 8.071182213719453e-16 3.570835525201291e-16 1.854843835841875e-16 1277986891.8963044
962022103.2750001 7.150914031365172 4.500346688518162e-16 5.647610789114347e-16 1.147264100596185e-16 1.6744522368548223e-16 1277986903.275
962022111.6876667 7.126361924189918 4.500346688518162e-16 5.343822006727392e-16 8.434753182092302e-17 1.6529032630065723e-16 1277986911.6876667
962022120.981154 7.154956318214939 4.500346688518162e-16 4.662299100250438e-16 1.619524117322758e-17 1.5935414054607199e-16 1277986920.981154
962022131.1106819 7.225200904600091 4.500346688518162e-16 7.7675409970149395e-16 3.2671943084967776e-16 1.8261863685453147e-16 1277986931.110682
962022141.9465001 7.257527939546277 4.500346688518162e-16 3.5285390202683146e-16 -9.718076682498473e-17 1.485034851693269e-16 1277986941.9465
