light_curves/galex/6371232439533047460_LC.ecsv
# %ECSV 0.9
# ---
# datatype:
# - {name: t_mean, datatype: float64}
# - {name: exptime, datatype: float64}
# - {name: mcatbg_flux, datatype: float64}
# - {name: flux_acorr, datatype: float64}
# - {name: flux_mcatbgsub_acorr, datatype: float64}
# - {name: flux_mcatbgsub_err, datatype: float64}
# - {name: time, datatype: float64}
# meta: !!omap
# - __serialized_columns__:
#     time:
#       __class__: astropy.time.core.Time
#       format: unix
#       in_subfmt: '*'
#       out_subfmt: '*'
#       precision: 3
#       scale: utc
#       value: !astropy.table.SerializedColumn {name: time}
# schema: astropy-2.0
t_mean exptime mcatbg_flux flux_acorr flux_mcatbgsub_acorr flux_mcatbgsub_err time
[from data line 224]
995868539.492143 7.7856487755201185 3.692080704091014e-16 2.485046355459937e-16 -1.2070343486310768e-16 1.259394048179067e-16 1311833339.4921432
995868551.7275 7.785609366038297 3.6920807040910143e-16 4.294703653039048e-16 6.026229489480337e-17 1.424677424884099e-16 1311833351.7275
995868561.0834999 7.784111805729051 3.692080704091014e-16 3.5932213648286636e-16 -9.885933926235018e-18 1.3631213710884934e-16 1311833361.0835
995868570.28125 7.785046373440836 3.692080704091014e-16 7.153202172101669e-16 3.461121468010655e-16 1.652465858424274e-16 1311833370.28125
995868578.5283333 3.890402898624801 3.692080704091014e-16 4.3053689774378845e-16 6.132882733468706e-17 2.0167176143126227e-16 1311833378.5283332
995868632.7219232 3.88853438416741 3.692080704091014e-16 9.44790490449592e-16 5.755824200404906e-16 2.5677195973189716e-16 1311833432.7219234
995868640.4905001 7.777817548489443 3.692080704091014e-16 3.6799742691179157e-16 -1.2106434973098132e-18 1.3714560526360842e-16 1311833440.4905
995868650.5808333 7.780114558287082 3.692080704091014e-16 4.415933469660259e-16 7.238527655692452e-17 1.435576146055765e-16 1311833450.5808334
995868660.8639473 7.78648200456436 3.692080704091014e-16 6.966085290416832e-16 3.2740045863258177e-16 1.6383756422258582e-16 1311833460.8639474
995868670.3744444 7.779050502277881 3.692080704091014e-16 3.2776273258774093e-16 -4.144533782136045e-17 1.3348700278879288e-16 1311833470.3744445
995868681.7144737 7.777603611302407 3.692080704091014e-16 6.908444038562801e-16 3.216363334471787e-16 1.634990536388546e-16 1311833481.7144737
995868691.3929999 7.781702197411921 3.692080704091014e-16 5.439441707881038e-16 1.7473610037900237e-16 1.5203585137205565e-16 1311833491.393
995868696.525 0.7761816719133801 3.692080704091014e-16 3.587330048969713e-16 -1.0475065512130103e-17 4.3150764171643434e-16 1311833496.525
995868744.1441666 3.111879177505984 3.692080704091014e-16 5.294079583685266e-16 1.6019988795942524e-16 2.385594245986181e-16 1311833544.1441665
995868752.392273 7.7726886859265765 3.692080704091014e-16 3.892053639170504e-16 1.9997293507949e-17 1.3907584144502855e-16 1311833552.392273
995868760.9533333 7.7789716833142375 3.692080704091014e-16 4.249103482913784e-16 5.5702277882277e-17 1.4213548443550065e-16 1311833560.9533334
995868770.7670588 7.77340368652535 3.692080704091014e-16 6.000446487454502e-16 2.308365783363488e-16 1.5657904847075549e-16 1311833570.7670588
995868780.5425 7.7771475872984634 3.692080704091014e-16 5.67838949275128e-16 1.9863087886602662e-16 1.539962259864578e-16 1311833580.5425
995868792.1490909 7.776967429667278 3.692080704091014e-16 3.91045735012118e-16 2.18376646030166e-17 1.391999048485703e-16 1311833592.1490908
995868801.24375 7.773471245637047 3.692080704091014e-16 2.8421668264987723e-16 -8.499138775922415e-17 1.2946969632708672e-16 1311833601.24375
995868806.375 0.7741548985625221 3.6920807040910133e-16 3.4999900506259636e-16 -1.9209065346504975e-17 4.295731131574682e-16 1311833606.375
995868854.227 2.3302133367271596 3.6920807040910133e-16 5.871606496684388e-16 2.179525792593375e-16 2.8413280555722815e-16 1311833654.227
995868858.92875 7.7727055757045 3.692080704091014e-16 4.24133388220236e-16 5.492531781113462e-17 1.4212566380263255e-16 1311833658.92875
995868871.1243751 4.6654654572015914 3.6920807040910133e-16 4.715475545446397e-16 1.0233948413553836e-16 1.8865984605024092e-16 1311833671.124375
995868880.7092857 7.7759484130658745 3.6920807040910133e-16 4.992223688022863e-16 1.3001429839318498e-16 1.4843961480754784e-16 1311833680.7092857
995868890.5707142 4.664181834079382 3.692080704091014e-16 4.143111380909781e-16 4.5103067681876736e-17 1.823738349334117e-16 1311833690.5707142
995868900.6402779 7.773977938974762 3.692080704091014e-16 6.420148754357208e-16 2.728068050266194e-16 1.5982989852412994e-16 1311833700.6402779
995868908.819 7.76965978575224 3.692080704091014e-16 1.796058206145471e-16 -1.8960224979455427e-16 1.1916753500944037e-16 1311833708.819
995868919.125 3.1044583141052753 3.692080704091014e-16 9.136402149409314e-17 -2.7784404891500826e-16 1.7354017989062754e-16 1311833719.125
995868969.6609092 7.04671407288855 3.692080704091014e-16 4.22349456104069e-16 5.314138569496763e-17 1.491055744208701e-16 1311833769.6609092
995868980.1482353 7.824179988890318 3.692080704091014e-16 5.853670045798593e-16 2.1615893417075794e-16 1.5491886029406306e-16 1311833780.1482353
995868990.5172728 7.822339003096622 3.692080704091014e-16 7.615111565288918e-16 3.9230308611979044e-16 1.6823576471677083e-16 1311833790.517273
995869001.6977272 7.825086406972231 3.692080704091014e-16 3.76457023114778e-16 7.248952705676608e-18 1.3748320989301686e-16 1311833801.6977272
995869012.2138461 7.823571956885061 3.692080704091014e-16 4.537982873367585e-16 8.459021692765708e-17 1.44194511200379e-16 1311833812.2138462
995869021.5125 7.8239604217773095 3.692080704091014e-16 2.8004332237503497e-16 -8.916474803406641e-17 1.2865623413370943e-16 1311833821.5125
995869029.2891668 6.245635626383106 3.692080704091014e-16 5.241633918711084e-16 1.5495532146200697e-16 1.6791473685381525e-16 1311833829.289167
995869071.8391666 5.477769355134219 3.692080704091014e-16 2.9732711308348917e-16 -7.188095732561221e-17 1.5570558164632288e-16 1311833871.8391666
995869080.1172729 7.824799280747525 3.692080704091014e-16 3.8561183408863667e-16 1.640376367953529e-17 1.3829543062767725e-16 1311833880.1172729
995869090.7271875 7.821759120721239 3.692080704091014e-16 5.578076394981499e-16 1.885995690890485e-16 1.5275734313226768e-16 1311833890.7271876
995869101.0483333 7.822429081912217 3.692080704091014e-16 5.266006293170038e-16 1.5739255890790245e-16 1.5023778154345656e-16 1311833901.0483332
995869110.3340626 7.814428957102302 3.692080704091014e-16 5.611328781712267e-16 1.9192480776212536e-16 1.530944473153284e-16 1311833910.3340626
995869120.4619999 7.810054504620033 3.692080704091014e-16 3.508782343226792e-16 -1.832983608642217e-17 1.353252743258456e-16 1311833920.462
995869131.1283332 7.8071719825210355 3.692080704091014e-16 3.2072042057502284e-16 -4.8487649834078545e-17 1.325987790065429e-16 1311833931.128333
995869141.3525001 7.808613243570535 3.692080704091014e-16 4.962632768805403e-16 1.270552064714389e-16 1.4788448004883525e-16 1311833941.3525
995869146.655 0.7769473418459264 3.692080704091014e-16 3.5177883560445183e-16 -1.742923480464955e-17 4.293099625962094e-16 1311833946.655
995869185.52 0.7805342256579288 3.6920807040910133e-16 7.037552542480372e-16 3.3454718383893583e-16 5.191593251387468e-16 1311833985.52
995869191.9020001 7.819501520405422 3.692080704091014e-16 3.4828266739877167e-16 -2.0925403010329716e-17 1.350090838363358e-16 1311833991.902
995869201.8325001 7.817925141132531 3.692080704091014e-16 3.4562166212979875e-16 -2.3586408279302633e-17 1.3478191668629325e-16 1311834001.8325
995869211.1915385 7.811523915299406 3.692080704091014e-16 4.506026520863737e-16 8.13945816772723e-17 1.440348802505995e-16 1311834011.1915383
995869220.3561537 7.810442969512281 3.692080704091014e-16 4.501033118173537e-16 8.089524140825236e-17 1.4400248569287748e-16 1311834020.3561537
995869231.0639131 7.814141830877598 3.692080704091014e-16 8.018435338463327e-16 4.3263546343723134e-16 1.7122520829577404e-16 1311834031.063913
995869241.5694444 7.812255805676104 3.692080704091014e-16 6.300010310619789e-16 2.6079296065287756e-16 1.5851474390850066e-16 1311834041.5694444
995869251.5742856 7.8111241905552085 3.692080704091014e-16 4.861504895668425e-16 1.1694241915774114e-16 1.470227579264511e-16 1311834051.5742855
995869258.0956249 5.463271674783432 3.6920807040910143e-16 3.979003782004832e-16 2.869230779138176e-17 1.6679950829017903e-16 1311834058.095625
995869303.4626667 6.246812901877978 3.692080704091014e-16 6.500200885512072e-16 2.808120181421058e-16 1.789841855039253e-16 1311834103.4626667
995869309.7157143 7.800782016539859 3.692080704091014e-16 2.4293950328509336e-16 -1.2626856712400803e-16 1.2527491604482666e-16 1311834109.7157145
995869318.0970834 3.1168841816974084 3.692080704091014e-16 1.0407211108965316e-15 6.715130404874302e-16 2.9686502945388056e-16 1311834118.0970836
995869332.1749998 7.792061261205195 3.692080704091014e-16 6.6007907768824345e-16 2.9087100727914207e-16 1.610241473050631e-16 1311834132.1749997
995869341.4575001 7.793035238398801 3.692080704091014e-16 4.810318264367456e-16 1.118237560276442e-16 1.4676683642540078e-16 1311834141.4575
995869350.8841666 7.801733474029566 3.692080704091014e-16 4.1284665703307195e-16 4.363858662397057e-17 1.4088446722194395e-16 1311834150.8841667
995869360.36375 7.795377287604236 3.692080704091014e-16 2.772043568502186e-16 -9.20037135588828e-17 1.2862196940890872e-16 1311834160.36375
995869370.5147059 7.790462362228406 3.692080704091014e-16 5.888127434019121e-16 2.1960467299281068e-16 1.555253785300378e-16 1311834170.514706
995869381.2904167 7.784398931953756 3.692080704091014e-16 4.1349125363560877e-16 4.428318322650739e-17 1.4109725897120233e-16 1311834181.2904167
995869389.5491666 7.785462987962957 3.692080704091014e-16 6.189105117556702e-16 2.4970244134656885e-16 1.5792882713178418e-16 1311834189.5491667
995869398.0616666 2.3354097584017204 3.6920807040910133e-16 3.4239587192197993e-16 -2.6812198487121406e-17 2.4606647535592055e-16 1311834198.0616665
