light_curves/galex/6371232439533047460_LC.ecsv
# %ECSV 0.9
# ---
# datatype:
# - {name: t_mean, datatype: float64}
# - {name: exptime, datatype: float64}
# - {name: mcatbg_flux, datatype: float64}
# - {name: flux_acorr, datatype: float64}
# - {name: flux_mcatbgsub_acorr, datatype: float64}
# - {name: flux_mcatbgsub_err, datatype: float64}
# - {name: time, datatype: float64}
# meta: !!omap
# - __serialized_columns__:
#     time:
#       __class__: astropy.time.core.Time
#       format: unix
#       in_subfmt: '*'
#       out_subfmt: '*'
#       precision: 3
#       scale: utc
#       value: !astropy.table.SerializedColumn {name: time}
# schema: astropy-2.0
t_mean exptime mcatbg_flux flux_acorr flux_mcatbgsub_acorr flux_mcatbgsub_err time
992195371.7666668 7.718849703831424 3.692649677751169e-16 4.3248637501315457e-16 6.322140723803765e-17 1.4334817182693247e-16 1308160171.766667
992195381.0059522 7.717774387970274 3.692649677751169e-16 7.583598606471644e-16 3.890948928720475e-16 1.6914587977941398e-16 1308160181.0059524
992195391.1653333 7.728972310733765 3.692649677751169e-16 5.454877400718473e-16 1.762227722967304e-16 1.5268343618767113e-16 1308160191.1653333
992195400.5563637 7.732068770019799 3.692649677751169e-16 4.022495134768381e-16 3.2984545701721176e-17 1.4059587492848277e-16 1308160200.5563636
992195409.8881817 7.734410819225235 3.692649677751169e-16 3.9705884291251524e-16 2.7793875137398316e-17 1.4011825906317136e-16 1308160209.8881817
992195422.8328571 7.737648026660633 3.692649677751169e-16 2.512409748928537e-16 -1.1802399288226322e-16 1.2660227566763254e-16 1308160222.8328571
992195429.3331251 5.415422933925258 3.692649677751169e-16 4.161275024226349e-16 4.686253464751799e-17 1.6944749705190127e-16 1308160229.333125
992195471.004375 6.207791884947987 3.692649677751169e-16 3.513260877724293e-16 -1.7938880002687606e-17 1.518395450453508e-16 1308160271.004375
992195480.6522223 7.755067017626062 3.692649677751169e-16 3.206051816987008e-16 -4.865978607641611e-17 1.330385087996988e-16 1308160280.6522222
992195490.7567858 7.7547404819195345 3.692649677751169e-16 5.107389592286799e-16 1.4147399145356297e-16 1.4959791304816198e-16 1308160290.7567859
992195502.5711111 7.759717336481086 3.692649677751169e-16 3.2860216974748706e-16 -4.0662798027629856e-17 1.3373605476986906e-16 1308160302.5711112
992195511.0539999 7.756333750970347 3.692649677751169e-16 1.8200340668392847e-16 -1.8726156109118845e-16 1.1952325215108465e-16 1308160311.054
992195521.8677777 7.759109304475828 3.692649677751169e-16 3.2694566565846546e-16 -4.231930211665146e-17 1.3358887385440463e-16 1308160321.8677778
992195530.7866669 7.763973560517888 3.692649677751169e-16 4.328916405273271e-16 6.362667275221019e-17 1.4296584470877668e-16 1308160330.7866669
992195536.905 1.5489860092081755 3.692649677751169e-16 3.6212093274099606e-16 -7.144035034120864e-18 3.061493472516591e-16 1308160336.905
992195572.9499999 3.8840642229435733 3.692649677751169e-16 4.3174223472107696e-16 6.247726694596004e-17 2.019903973165516e-16 1308160372.9499998
992195582.4760001 7.774045498086457 3.692649677751169e-16 1.8139423036513919e-16 -1.8787073740997773e-16 1.1932436659600335e-16 1308160382.476
992195590.3149999 7.740586848019376 3.692649677751169e-16 4.33088100461001e-16 6.382313268588408e-17 1.4319856876693998e-16 1308160390.315
992195601.4726924 7.723466243130601 3.692649677751169e-16 4.650885595183904e-16 9.582359174327343e-17 1.4608923732007938e-16 1308160401.4726925
992195612.8618183 7.737265191694359 3.692649677751169e-16 3.968295816067283e-16 2.7564613831611364e-17 1.4007222540448576e-16 1308160412.8618183
992195620.6600001 7.770087660126309 3.692649677751169e-16 6.127476690875557e-16 2.434827013124388e-16 1.5761027047704276e-16 1308160420.66
992195632.8921429 7.7971957536940355 3.692649677751169e-16 2.5341092767804703e-16 -1.158540400970699e-16 1.263283182242054e-16 1308160432.8921428
992195638.4666668 3.1136688729997304 3.692649677751169e-16 5.402049633337423e-16 1.7093999555862541e-16 2.3988221271301947e-16 1308160438.4666667
992195682.125 3.8777530759260403 3.692649677751169e-16 2.143723150595061e-16 -1.5489265271561083e-16 1.736888745872509e-16 1308160482.125
992195690.7753844 7.759295092032991 3.692649677751169e-16 4.626252245119283e-16 9.336025673681135e-17 1.4554355284737445e-16 1308160490.7753844
992195701.536111 7.760781392490287 3.692649677751169e-16 6.393924686300092e-16 2.701275008548923e-16 1.597687477966957e-16 1308160501.5361109
992195710.8152941 7.76222828346576 3.692649677751169e-16 6.079505426602283e-16 2.3868557488511143e-16 1.5731559666537458e-16 1308160510.8152943
992195719.7857141 7.7627518665813975 3.692649677751169e-16 5.017954671312945e-16 1.325304993561776e-16 1.4878356922202217e-16 1308160519.7857141
992195729.7266666 7.7574259566094215 3.692649677751169e-16 3.226665708059236e-16 -4.6598396969193296e-17 1.332087825575068e-16 1308160529.7266665
992195741.4434615 7.763495016810047 3.692649677751169e-16 4.616794186534624e-16 9.241445087834548e-17 1.4542425645943042e-16 1308160541.4434614
992195781.3672223 5.422922616289613 3.692649677751169e-16 4.755921470709303e-16 1.0632717929581336e-16 1.7540122917289265e-16 1308160581.3672223
992195791.1741666 7.7498931156554 3.692649677751169e-16 4.4292278665274554e-16 7.365781887762862e-17 1.4395626930215028e-16 1308160591.1741667
992195801.3211112 7.742529172480616 3.692649677751169e-16 3.2661728587640057e-16 -4.264768189871635e-17 1.3370156497549882e-16 1308160601.3211112
992195811.11375 7.749499020837176 3.692649677751169e-16 5.95957940537692e-16 2.266929727625751e-16 1.5650395612936104e-16 1308160611.11375
992195821.2696427 7.750146462324256 3.692649677751169e-16 5.263968212114536e-16 1.571318534363367e-16 1.5092514340153426e-16 1308160621.2696428
992195831.0325 7.75564127007547 3.692649677751169e-16 3.7619739331551065e-16 6.9324255403937344e-18 1.3807969801970353e-16 1308160631.0325
992195840.5633334 7.751340006630873 3.692649677751169e-16 2.259454742087764e-16 -1.4331949356634053e-16 1.240039583835567e-16 1308160640.5633335
992195849.2141666 4.644121786865683 3.692649677751169e-16 3.706390904248681e-16 1.374122649751199e-18 1.7779657935697803e-16 1308160649.2141666
992195891.5262499 6.976323108428057 3.692649677751169e-16 3.36993690024436e-16 -3.227127775068091e-17 1.4185665524991694e-16 1308160691.52625
992195901.9133333 7.75780316164972 3.692649677751169e-16 1.1165840059293435e-16 -2.5760656718218257e-16 1.1203777996639965e-16 1308160701.9133334
992195910.8 7.760528045821429 3.692649677751169e-16 1.8637956015245318e-16 -1.8288540762266374e-16 1.1994045092085952e-16 1308160710.8
992195919.430909 7.75722890920031 3.692649677751169e-16 4.0282183857665863e-16 3.3556870801541715e-17 1.404178325631118e-16 1308160719.4309092
992195930.9113637 7.768713958188505 3.692649677751169e-16 3.97515501990625e-16 2.825053421550807e-17 1.3984868429326167e-16 1308160730.9113636
992195941.4982141 7.768449351667699 3.692649677751169e-16 5.054564855513893e-16 1.3619151777627237e-16 1.490310728861089e-16 1308160741.4982142
992195950.8746666 7.765617498902472 3.692649677751169e-16 5.426385001368104e-16 1.733735323616935e-16 1.520927239625252e-16 1308160750.8746667
992195956.5225 0.7735806461131123 3.6926496777511697e-16 7.243400928796169e-16 3.550751251044999e-16 5.263487369519762e-16 1308160756.5225
992195993.3405557 5.450115158746957 3.6926496777511697e-16 4.643319326002183e-16 9.506696482510134e-17 1.7383258424327616e-16 1308160793.3405557
992196000.5718181 7.773786521491626 3.692649677751169e-16 4.05376827219154e-16 3.611185944403708e-17 1.4049163850082045e-16 1308160800.571818
992196009.9257693 7.8022908367010535 3.692649677751169e-16 4.744449350062837e-16 1.0517996723116682e-16 1.46134616319899e-16 1308160809.9257693
992196018.8809999 7.802521663666012 3.692649677751169e-16 1.8125038628351657e-16 -1.8801458149160035e-16 1.1909165212921045e-16 1308160818.881
992196029.8814285 7.800973434022994 3.692649677751169e-16 2.514041550533082e-16 -1.178608127218087e-16 1.2610320419189933e-16 1308160829.8814285
992196042.7868183 7.800483630463204 3.692649677751169e-16 3.89021415774235e-16 1.9756447999118062e-17 1.3881704187881734e-16 1308160842.7868183
992196050.1221052 7.797223903323908 3.692649677751169e-16 6.766743941535878e-16 3.0740942637847083e-16 1.6223232603296455e-16 1308160850.1221051
992196058.0708332 3.893859673173208 3.692649677751169e-16 4.3016130946009254e-16 6.089634168497562e-17 2.0154402436230583e-16 1308160858.0708332
992196093.44 3.122542257301887 3.692649677751169e-16 1.8274857045125982e-16 -1.865163973238571e-16 1.8849724938572243e-16 1308160893.44
992196100.37625 7.781527669706708 3.692649677751169e-16 1.4474054238644708e-16 -2.2452442538866984e-16 1.154365799981177e-16 1308160900.37625
992196110.5266666 7.7825185366782375 3.692649677751169e-16 4.4057663595722854e-16 7.131166818211162e-17 1.4345380784085203e-16 1308160910.5266666
992196120.9649998 7.791937402833753 3.692649677751169e-16 4.05805067529644e-16 3.6540099754527075e-17 1.4036527929330947e-16 1308160920.9649997
992196130.0563334 7.787945785317758 3.692649677751169e-16 5.516349754413156e-16 1.8237000766619864e-16 1.5259866267749471e-16 1308160930.0563335
992196138.9554546 7.783785270022524 3.692649677751169e-16 4.0622513284522203e-16 3.6960165070105115e-17 1.4047542994550985e-16 1308160938.9554546
992196151.5066665 7.77748538285694 3.692649677751169e-16 2.2273310049565423e-16 -1.465318672794627e-16 1.2347654843511199e-16 1308160951.5066667
992196161.309375 7.772204512292761 3.692649677751169e-16 5.943259231222408e-16 2.250609553471239e-16 1.561469083791556e-16 1308160961.309375
992196203.918 3.1070599608717218 3.692649677751169e-16 4.631834877278879e-16 9.391851995277102e-17 2.3007530659766983e-16 1308161003.918
992196210.0733334 7.777907627305035 3.692649677751169e-16 5.522961556544928e-16 1.8303118787937585e-16 1.5275021961114438e-16 1308161010.0733333
992196220.1333333 7.772198882366786 3.692649677751169e-16 4.3935602008935426e-16 7.009105231423734e-17 1.4344457087089456e-16 1308161020.1333332
992196230.5125 7.772277701330431 3.692649677751169e-16 3.6729143872408423e-16 -1.97352905103269e-18 1.3713677492163533e-16 1308161030.5125
992196243.0616666 7.77584707439833 3.692649677751169e-16 4.4018033805308973e-16 7.091537027797281e-17 1.434814414529709e-16 1308161043.0616665
992196250.8016666 7.773521914970818 3.692649677751169e-16 5.489596914951978e-16 1.7969472372008088e-16 1.5252499910918755e-16 1308161050.8016667
992196262.48 7.773758371861751 3.692649677751169e-16 2.926933812471729e-16 -7.657158652794404e-17 1.3027435587535662e-16 1308161062.48
992196268.42875 3.106406268492489 3.692649677751169e-16 3.601607161704536e-16 -9.104251604663298e-18 2.1590746798327256e-16 1308161068.42875
992196304.01 2.334114875427561 3.692649677751169e-16 1.2053122084447189e-16 -2.4873374693064503e-16 2.0602339678294962e-16 1308161104.01
992196311.6009998 7.778025855750502 3.692649677751169e-16 3.70249777258847e-16 9.848094837300692e-19 1.3735060539061426e-16 1308161111.6009998
992196321.7235714 7.772953292447383 3.692649677751169e-16 5.127820372121962e-16 1.4351706943707926e-16 1.495903212522278e-16 1308161121.7235713
992196331.8092858 7.7737471120098025 3.6926496777511697e-16 5.137104362802864e-16 1.4444546850516941e-16 1.4965885509148381e-16 1308161131.8092856
992196339.4465625 7.767244547509133 3.692649677751169e-16 5.901915817952443e-16 2.209266140201274e-16 1.5587121805298574e-16 1308161139.4465625
992196350.1146156 7.768663288854734 3.692649677751169e-16 4.783835993733694e-16 1.0911863159825244e-16 1.4678054767811285e-16 1308161150.1146154
992196358.9825 4.666580182544563 3.6926496777511687e-16 3.677059986122328e-16 -1.5589691628840864e-18 1.770297400479232e-16 1308161158.9825
992196369.1424999 6.215453593233247 3.692649677751169e-16 4.551647878518476e-16 8.589982007673063e-17 1.6191174487836786e-16 1308161169.1425
992196420.99 7.782597355641883 3.6926496777511687e-16 5.750297852579909e-16 2.05764817482874e-16 1.545188780621945e-16 1308161220.99
992196430.1950002 7.778211643307666 3.692649677751169e-16 4.676240635776631e-16 9.835909580254621e-17 1.457877516330616e-16 1308161230.1950002
992196442.3972502 7.777372784337448 3.692649677751169e-16 7.096596602186497e-16 3.403946924435328e-16 1.6491201235242654e-16 1308161242.3972502
992196452.8627777 7.766304349871374 3.692649677751169e-16 3.2020737271806833e-16 -4.905759505704859e-17 1.3290545112706565e-16 1308161252.8627777
992196459.8728572 7.769552817158722 3.692649677751169e-16 2.4940704907012635e-16 -1.1985791870499057e-16 1.2616365642900447e-16 1308161259.872857
992196470.8963635 7.773020851559079 3.692649677751169e-16 3.899008721675592e-16 2.063590439244228e-17 1.3913967266027892e-16 1308161270.8963635
992196478.085 2.32466160875002 3.6926496777511687e-16 4.794743892144129e-16 1.1020942143929607e-16 2.684922244749308e-16 1308161278.085
992196512.3775 3.9031496719974856 3.692649677751169e-16 1.4658543704021367e-16 -2.2267953073490325e-16 1.6326925211758678e-16 1308161312.3775
992196521.2535 7.804447098349327 3.692649677751169e-16 3.611897587783205e-16 -8.075208996796416e-18 1.3630758866997017e-16 1308161321.2535
992196532.0223078 7.799915007939769 3.692649677751169e-16 4.70076651521552e-16 1.0081168374643509e-16 1.4579074713287825e-16 1308161332.0223079
992196540.3720001 7.799076148969553 3.692649677751169e-16 5.446896261098027e-16 1.7542465833468578e-16 1.5193140815223262e-16 1308161340.3720002
992196550.9333333 7.790631260007644 3.692649677751169e-16 3.251588224327894e-16 -4.4106145342327516e-17 1.3315406486996236e-16 1308161350.9333334
992196562.5872728 7.780328495474116 3.692649677751169e-16 3.906239823408463e-16 2.1359014565729405e-17 1.3913807314149666e-16 1308161362.5872726
992196570.35 7.753462488723299 3.692649677751169e-16 6.114560756841705e-16 2.4219110790905356e-16 1.576783698076446e-16 1308161370.35
992196581.4978572 7.751345636556848 3.692649677751169e-16 2.514236830807196e-16 -1.1784128469439733e-16 1.265081468287379e-16 1308161381.497857
992196590.6621429 7.740795155280437 3.692649677751169e-16 5.170856140887148e-16 1.4782064631359785e-16 1.5025424291946269e-16 1308161390.6621428
992196602.2013634 7.748204137863017 3.692649677751169e-16 4.0844632151144264e-16 3.918135373632572e-17 1.409917698072171e-16 1308161402.2013636
992201300.6571429 7.347188213185807 3.7734201912010244e-16 2.677978172642103e-16 -1.0954420185589215e-16 1.3242544980176223e-16 1308166100.6571429
992201310.5840625 7.711221154135833 3.7734201912010244e-16 5.85617000614363e-16 2.0827498149426054e-16 1.5676383110646097e-16 1308166110.5840626
992201320.3794444 7.709323869082391 3.7734201912010244e-16 6.596424141173862e-16 2.8230039499728375e-16 1.6252256059265267e-16 1308166120.3794444
992201329.8429999 7.71875962501583 3.7734201912010244e-16 5.42227155988044e-16 1.6488513686794156e-16 1.5322537369365896e-16 1308166129.843
992201341.9141666 7.721017225331648 3.7734201912010244e-16 6.55737259140348e-16 2.7839524002024554e-16 1.6210196433654261e-16 1308166141.9141665
992201347.53375 1.540845136248896 3.773420191201024e-16 7.25839001209237e-16 3.4849698208913456e-16 3.7463959353533397e-16 1308166147.53375
992201384.5150001 2.322483448364026 3.7734201912010244e-16 2.3736205181623603e-16 -1.3997996730386642e-16 2.3016436722910224e-16 1308166184.515
992201389.874375 7.7381265703684745 3.7734201912010244e-16 5.701429047673636e-16 1.928008856472612e-16 1.5526682855083632e-16 1308166189.8743749
992201401.4785 7.743914134270369 3.7734201912010244e-16 3.5324542911125373e-16 -2.4096590008848712e-17 1.3690893940931267e-16 1308166201.4785
992201410.1544117 7.754183119248048 3.7734201912010244e-16 5.987637901783145e-16 2.2142177105821207e-16 1.5736051589594943e-16 1308166210.1544118
992201421.1426088 7.753113433312874 3.7734201912010244e-16 8.13324838396798e-16 4.3598281927669553e-16 1.7334244312586444e-16 1308166221.1426086
992201431.0902383 7.75517398621958 3.7734201912010244e-16 7.394494479204252e-16 3.6210742880032277e-16 1.679925890096585e-16 1308166231.0902383
992201440.3312498 7.761766629535842 3.7734201912010244e-16 4.2357232635261135e-16 4.623030723250891e-17 1.4293443977244763e-16 1308166240.3312497
992201450.7439998 5.430229639238472 3.7734201912010244e-16 5.022365464947757e-16 1.248945273746733e-16 1.7879341038944147e-16 1308166250.744
992201492.5843749 4.6595033655944835 3.773420191201024e-16 4.746081403425574e-16 9.726612122245501e-17 1.900606559539767e-16 1308166292.584375
992201502.6383638 7.686055385029348 3.7734201912010244e-16 1.9719852665585276e-15 1.594643247438425e-15 2.430666122124432e-16 1308166302.6383638
