light_curves/galex/6371232439533047460_LC.ecsv
# %ECSV 0.9
# ---
# datatype:
# - {name: t_mean, datatype: float64}
# - {name: exptime, datatype: float64}
# - {name: mcatbg_flux, datatype: float64}
# - {name: flux_acorr, datatype: float64}
# - {name: flux_mcatbgsub_acorr, datatype: float64}
# - {name: flux_mcatbgsub_err, datatype: float64}
# - {name: time, datatype: float64}
# meta: !!omap
# - __serialized_columns__:
#     time:
#       __class__: astropy.time.core.Time
#       format: unix
#       in_subfmt: '*'
#       out_subfmt: '*'
#       precision: 3
#       scale: utc
#       value: !astropy.table.SerializedColumn {name: time}
# schema: astropy-2.0
t_mean exptime mcatbg_flux flux_acorr flux_mcatbgsub_acorr flux_mcatbgsub_err time
[from data line 112]
992201520.596111 7.72235151778763 3.7734201912010244e-16 3.1967662771229876e-16 -5.766539140780369e-17 1.3404006764666062e-16 1308166320.596111
992201530.0656251 7.754678552733814 3.7734201912010244e-16 2.7962284344731676e-16 -9.771917567278568e-17 1.3002321187627542e-16 1308166330.0656252
992201541.836 7.777755619303722 3.7734201912010244e-16 5.275985337817628e-16 1.5025651466166035e-16 1.5146272488756314e-16 1308166341.836
992201550.4317857 7.7649531676374695 3.7734201912010244e-16 4.950988706459887e-16 1.177568515258863e-16 1.4892936521752004e-16 1308166350.4317856
992201557.465 1.5428156103400081 3.773420191201024e-16 1.8149035158825843e-16 -1.9585166753184396e-16 2.698801670279476e-16 1308166357.4650002
992201594.0575 3.8851958380644684 3.7734201912010244e-16 2.8171141692071108e-16 -9.563060219939137e-17 1.8397363251699396e-16 1308166394.0575
992201601.2595456 7.750523667364555 3.7734201912010244e-16 3.9252572184414383e-16 1.5183702724041384e-17 1.4034015816439367e-16 1308166401.2595456
992201610.7260715 7.734923142488923 3.7734201912010244e-16 4.930643957283068e-16 1.1572237660820438e-16 1.4904987981636223e-16 1308166410.7260714
992201620.96 7.739038618376359 3.7734201912010244e-16 2.1135288459588435e-16 -1.659891345242181e-16 1.23517373971018e-16 1308166420.96
992201631.591389 7.737563577771013 3.7734201912010244e-16 6.325675997496654e-16 2.55225580629563e-16 1.6015411500020596e-16 1308166431.591389
992201640.422647 7.738289838221737 3.7734201912010244e-16 6.035818996273198e-16 2.2623988050721737e-16 1.5789878016344506e-16 1308166440.422647
992201650.1311538 7.742219526552012 3.7734201912010244e-16 4.62426305857035e-16 8.508428673693259e-17 1.464228476272245e-16 1308166450.1311538
992201658.5107694 5.419037346400955 3.7734201912010244e-16 6.562868588020433e-16 2.789448396819408e-16 1.9354266047321907e-16 1308166458.5107694
992201699.7642858 7.738002711997033 3.7734201912010244e-16 2.494429763880479e-16 -1.2789904273205452e-16 1.2727167723574793e-16 1308166499.7642858
992201710.9500002 7.739883107272551 3.7734201912010244e-16 6.373583815371164e-16 2.60016362417014e-16 1.604985675903476e-16 1308166510.9500003
992201719.6065 7.744201260495073 3.7734201912010244e-16 3.573963226293004e-16 -1.9945696490802054e-17 1.3727950671513056e-16 1308166519.6065001
992201729.2183334 7.740575588167427 3.7734201912010244e-16 3.2256480007667455e-16 -5.477721904342789e-17 1.3414787736005248e-16 1308166529.2183332
992201741.9333334 7.745479253691308 3.7734201912010244e-16 2.1282117154718322e-16 -1.6452084757291922e-16 1.2361244195688645e-16 1308166541.9333334
992201751.2253573 7.7469824439265285 3.7734201912010244e-16 4.98547097363837e-16 1.2120507824373456e-16 1.4938660937461227e-16 1308166551.2253573
992201760.945 7.738909130078944 3.7734201912010244e-16 3.9335886001931147e-16 1.6016840899209026e-17 1.4051856023456165e-16 1308166560.9450002
992201767.0816666 1.5439641152388275 3.773420191201024e-16 5.341676900824455e-16 1.5682567096234312e-16 3.41141706815616e-16 1308166567.0816665
992201802.4459999 3.892790608204212 3.7734201912010244e-16 3.5614073137043044e-16 -2.1201287749672006e-17 1.9346689242714353e-16 1308166602.4459999
992201811.2355556 7.779551565689621 3.7734201912010244e-16 3.184930472588972e-16 -5.884897186120524e-17 1.334376258924442e-16 1308166611.2355556
992201819.4627776 7.779692313838986 3.7734201912010244e-16 3.2381995092737247e-16 -5.352206819272997e-17 1.3392521185896553e-16 1308166619.4627776
992201830.7985715 7.767103799359768 3.7734201912010244e-16 2.513810474183899e-16 -1.2596097170171255e-16 1.2722033610004638e-16 1308166630.7985716
992201842.648889 7.755922766374201 3.7734201912010244e-16 3.184388764708539e-16 -5.890314264924855e-17 1.3363574595708147e-16 1308166642.648889
992201851.8563634 7.757516035425015 3.7734201912010244e-16 3.913763676012956e-16 1.403434848119314e-17 1.4017606652434259e-16 1308166651.8563633
992201861.3736666 7.758247925801713 3.7734201912010244e-16 5.307267781626454e-16 1.5338475904254292e-16 1.5190654337613344e-16 1308166661.3736668
992201868.6366668 5.428202865887613 3.773420191201025e-16 3.014585447501796e-16 -7.588347436992287e-17 1.5785929020516383e-16 1308166668.6366668
992201911.063182 7.774591600905993 3.7734201912010244e-16 3.898125260227392e-16 1.2470506902636747e-17 1.398848900034308e-16 1308166711.0631819
992201921.8362502 7.781088535480687 3.7734201912010244e-16 4.243870415882694e-16 4.704502246816695e-17 1.428268380518138e-16 1308166721.8362503
992201930.4976923 7.749960674767094 3.7734201912010244e-16 4.591196362608619e-16 8.17776171407595e-17 1.4607122085081052e-16 1308166730.4976923
992201941.837 7.687355897929481 3.7734201912010244e-16 5.356133081045938e-16 1.5827128898449134e-16 1.5300235152352326e-16 1308166741.837
992201951.1247059 7.693351769092437 3.7734201912010244e-16 6.052717388984089e-16 2.279297197783065e-16 1.5849157257446852e-16 1308166751.1247058
992201961.8824999 7.709763003308411 3.7734201912010244e-16 6.44321248477399e-16 2.6697922935729657e-16 1.6134681913877787e-16 1308166761.8825
992201971.6875 7.750168982028155 3.773420191201025e-16 4.262440838357522e-16 4.89020647156497e-17 1.4327114986747122e-16 1308166771.6875
992201977.19 1.5330589486260167 3.7734201912010244e-16 1.8217676490223122e-16 -1.9516525421787122e-16 2.7089536112770193e-16 1308166777.19
992202014.3816667 2.3261766798033676 3.7734201912010244e-16 3.5735598687532164e-16 -1.9986032244780798e-17 2.5047317570770154e-16 1308166814.3816667
992202020.7918749 7.761293715753975 3.7734201912010244e-16 2.8328484265857623e-16 -9.405717646152621e-17 1.3031377000761046e-16 1308166820.791875
992202032.552143 7.759565328479772 3.7734201912010244e-16 4.95186538440022e-16 1.178445193199196e-16 1.4898829738981732e-16 1308166832.552143
992202041.4242105 7.763556945995767 3.7734201912010244e-16 6.706236268640465e-16 2.932816077439441e-16 1.627852241212979e-16 1308166841.4242105
992202050.51125 7.756823554530139 3.7734201912010244e-16 4.2245991912336666e-16 4.511790000326422e-17 1.4288422690978676e-16 1308166850.51125
992202060.5911536 7.7582704455056115 3.7734201912010244e-16 4.593351601874673e-16 8.19931410673649e-17 1.4601112989589612e-16 1308166860.5911536
992202070.6253573 7.764711080820561 3.773420191201025e-16 4.909211499169416e-16 1.1357913079683912e-16 1.485865334098482e-16 1308166870.6253572
992202079.4975001 5.431271175543774 3.773420191201025e-16 2.987540811026093e-16 -7.858793801749319e-17 1.5751330389874243e-16 1308166879.4975
992202121.5587499 7.764885608525773 3.7734201912010244e-16 2.810956889956453e-16 -9.624633012445716e-17 1.3007695606491742e-16 1308166921.55875
992202130.3845456 7.76841557211185 3.7734201912010244e-16 3.828224210377979e-16 5.480401917695439e-18 1.3932552733142718e-16 1308166930.3845456
992202140.9079411 7.765533050012853 3.7734201912010244e-16 5.94949864700359e-16 2.176078455802566e-16 1.5694713299281791e-16 1308166940.907941
992202151.6232144 7.765178364676454 3.7734201912010244e-16 4.922952155382595e-16 1.1495319641815708e-16 1.4869566966957358e-16 1308166951.6232142
992202161.839 7.756114183857338 3.7734201912010244e-16 5.24010654731758e-16 1.4666863561165555e-16 1.5138255884622993e-16 1308166961.839
992202170.5593333 7.757009342087301 3.7734201912010244e-16 5.275691364842888e-16 1.5022711736418636e-16 1.516627501070389e-16 1308166970.5593333
992202181.0973078 7.761496393089061 3.7734201912010244e-16 4.57893978569072e-16 8.055195944896955e-17 1.4585934920332438e-16 1308166981.0973077
992202223.5038888 3.9007456936063294 3.7734201912010244e-16 6.303152013952876e-16 2.5297318227518516e-16 2.2531781329686896e-16 1308167023.5038888
992202231.7129165 7.797798155773316 3.7734201912010244e-16 4.244978591434095e-16 4.7155840023307064e-17 1.426832319123533e-16 1308167031.7129164
992202240.6899999 7.793857207591093 3.7734201912010244e-16 6.339054240666386e-16 2.565634049465362e-16 1.596773029013618e-16 1308167040.69
992202250.8933334 7.7973421317693745 3.7734201912010244e-16 4.212538209960858e-16 4.3911801875983343e-17 1.42408882258164e-16 1308167050.8933334
992202260.7255557 7.792218899132482 3.7734201912010244e-16 3.141354973678341e-16 -6.320652175226836e-17 1.3292826246393965e-16 1308167060.7255557
992202270.586875 7.797415320807045 3.7734201912010244e-16 2.806034205817736e-16 -9.673859853832882e-17 1.2975891978308658e-16 1308167070.586875
992202280.6658334 7.797736226587597 3.7734201912010244e-16 4.200449590005868e-16 4.2702939880484365e-17 1.423013580349499e-16 1308167080.6658335
992202289.2433335 4.677169452336617 3.7734201912010244e-16 7.047896318555887e-16 3.274476127354863e-16 2.1302463934997493e-16 1308167089.2433333
992202325.055 1.5630895947407413 3.773420191201025e-16 1.806686724973468e-16 -1.966733466227557e-16 2.679370591058942e-16 1308167125.0549998
992202331.1053332 7.808213518826338 3.7734201912010244e-16 5.279070943280798e-16 1.5056507520797736e-16 1.511919716833822e-16 1308167131.1053333
992202341.4841666 7.804700445018184 3.7734201912010244e-16 4.258297604562419e-16 4.848774133613946e-17 1.4273426647414349e-16 1308167141.4841666
992202351.7922221 7.805719461619587 3.7734201912010244e-16 6.345599017147101e-16 2.5721788259460765e-16 1.5960606674698337e-16 1308167151.792222
992202360.4519999 7.802493514036138 3.7734201912010244e-16 5.287408312806575e-16 1.513988121605551e-16 1.5131478600384706e-16 1308167160.452
992202370.7465625 7.8020768995140175 3.7734201912010244e-16 5.63200806554748e-16 1.8585878743464558e-16 1.5407908806684608e-16 1308167170.7465625
992202379.7331818 7.79746036021484 3.7734201912010244e-16 3.9133265594323946e-16 1.399063682313702e-17 1.398127368388697e-16 1308167179.733182
992202391.1761539 7.796841068357634 3.7734201912010244e-16 4.634505095537962e-16 8.610849043369374e-17 1.459949456574951e-16 1308167191.176154
992202396.88 0.7747798203457033 3.7734201912010244e-16 3.551906357577749e-16 -2.2151383362327544e-17 4.3338872971128333e-16 1308167196.88
992202434.2892857 3.114958747014094 3.7734201912010244e-16 6.36224772932566e-16 2.5888275381246356e-16 2.5285785072918907e-16 1308167234.2892857
992202440.1875 7.791745985350618 3.7734201912010244e-16 5.863912709508834e-16 2.0904925183078095e-16 1.5601247361479771e-16 1308167240.1875
992202449.4563637 7.782788773125019 3.7734201912010244e-16 3.9771389700744057e-16 2.037187788733813e-17 1.4050245332521015e-16 1308167249.4563637
992202460.8146875 7.783548813131591 3.7734201912010244e-16 5.720023515629762e-16 1.9466033244287378e-16 1.549603108763497e-16 1308167260.8146875
992202471.694 7.778904124202541 3.7734201912010244e-16 5.386753647758103e-16 1.6133334565570788e-16 1.5234613382108665e-16 1308167271.694
992202482.2020832 7.783306726314683 3.7734201912010244e-16 4.4239322213216406e-16 6.505120301206162e-17 1.4434414083962313e-16 1308167282.202083
992202491.1504544 7.784145585284899 3.7734201912010244e-16 4.0690892948714065e-16 2.9566910367038214e-17 1.4129030539094163e-16 1308167291.1504545
992202501.3157141 7.77957408539352 3.7734201912010244e-16 5.20175481129085e-16 1.4283346200898257e-16 1.5084257583423013e-16 1308167301.3157141
992202511.6066668 7.77519963291125 3.7734201912010244e-16 6.650836873242107e-16 2.8774166820410827e-16 1.6224475266931335e-16 1308167311.6066668
992202521.8950002 7.773358647117555 3.7734201912010244e-16 5.178890622908791e-16 1.4054704317077664e-16 1.507167466707219e-16 1308167321.8950002
995868061.3425 2.781276773741723 3.6920807040910143e-16 1.916757520926211e-16 -1.7753231831648033e-16 2.0124443235369752e-16 1311832861.3425
995868091.9928572 4.666822269361471 3.692080704091014e-16 4.0055289303483995e-16 3.134482262573856e-17 1.8077258593153064e-16 1311832891.9928572
995868100.8384616 7.781218023778104 3.692080704091014e-16 4.491750873444136e-16 7.99670169353122e-17 1.4419373048079877e-16 1311832900.8384616
995868110.9126666 7.7909352760102735 3.692080704091014e-16 5.1818117609355e-16 1.4897310568444862e-16 1.4985451982033975e-16 1311832910.9126666
995868120.888125 7.797404060955095 3.692080704091014e-16 5.555092268271525e-16 1.8630115641805112e-16 1.5281175694406087e-16 1311832920.888125
995868127.91875 3.117001789176697 3.692080704091014e-16 3.4813545198867604e-16 -2.107261842042534e-17 2.1381648583153516e-16 1311832927.91875
995868163.9672222 2.336794720191474 3.692080704091014e-16 1.0392736659843023e-15 6.7006559557520095e-16 3.4268144843571403e-16 1311832963.9672222
995868170.3823076 7.799881228383922 3.692080704091014e-16 4.492461207720757e-16 8.00380503629743e-17 1.4402715125115486e-16 1311832970.3823075
995868180.8171428 7.800601858908671 3.692080704091014e-16 4.852198430884766e-16 1.160117726793752e-16 1.4704447883244846e-16 1311832980.817143
995868191.4427502 7.802166978329611 3.692080704091014e-16 6.913015136422953e-16 3.220934432331939e-16 1.6327572684240283e-16 1311832991.4427502
995868201.4277272 7.797432210584968 3.692080704091014e-16 3.8554464897303824e-16 1.633657856393686e-17 1.385319742199708e-16 1311833001.4277272
995868211.0727776 7.8039347750856365 3.692080704091014e-16 3.1238195323886216e-16 -5.682611717023922e-17 1.3185521687014004e-16 1311833011.0727777
995868222.5333332 7.816044745857013 3.692080704091014e-16 4.0997185518472213e-16 4.076378477562075e-17 1.4050584017566074e-16 1311833022.5333333
995868230.9143751 7.821156718641956 3.692080704091014e-16 5.473961544110279e-16 1.7818808400192647e-16 1.5192936909767363e-16 1311833030.914375
995868239.884 6.259029220276694 3.6920807040910143e-16 6.383762159834912e-16 2.691681455743897e-16 1.7781381289374807e-16 1311833039.8839998
995868292.5683333 6.25533660980353 3.6920807040910143e-16 5.18492845875961e-16 1.4928477546685953e-16 1.672680983288104e-16 1311833092.5683331
995868300.8026924 7.816483880083034 3.692080704091014e-16 4.509050604565209e-16 8.169699004741949e-17 1.440148128670229e-16 1311833100.8026924
995868309.7872221 4.679771099103064 3.6920807040910133e-16 5.228453821737124e-16 1.5363731176461105e-16 1.9384491634233628e-16 1311833109.7872221
995868321.9881577 7.801502647064607 3.692080704091014e-16 6.622993465701999e-16 2.930912761610985e-16 1.6109535805401708e-16 1311833121.9881577
995868330.0044446 7.809970055730414 3.692080704091014e-16 6.322151471786067e-16 2.630070767695053e-16 1.5870849411124637e-16 1311833130.0044446
995868340.4869232 7.791340630680446 3.692080704091014e-16 4.586836220465513e-16 8.947555163744996e-17 1.449059773604487e-16 1311833140.4869232
995868350.0886363 7.023050873051104 3.692080704091014e-16 4.3315456472775135e-16 6.394649431864996e-17 1.5033636091769696e-16 1311833150.0886364
995868393.9716667 2.339485824807335 3.6920807040910133e-16 3.5589800004653766e-16 -1.3310070362563677e-17 2.48082122568452e-16 1311833193.9716668
995868413.9633334 3.0811228919067144 3.692080704091014e-16 7.950442610691496e-16 4.2583619066004823e-16 2.7190695850956015e-16 1311833213.9633334
995868421.4042857 7.728595105693468 3.692080704091014e-16 4.978197904702852e-16 1.2861172006118378e-16 1.487773076293552e-16 1311833221.4042857
995868430.0153333 7.721073524591394 3.692080704091014e-16 5.318972226362042e-16 1.6268915222710278e-16 1.5165294612455834e-16 1311833230.0153332
995868440.8144284 7.714537180534876 3.692080704091014e-16 1.2530741657511142e-15 8.838660953420128e-16 2.0213882805980657e-16 1311833240.8144283
995868451.0869565 7.761738479905969 3.692080704091014e-16 8.212238707720758e-16 4.520158003629744e-16 1.731836275841782e-16 1311833251.0869565
995868460.15 7.819597229146991 3.692080704091014e-16 4.2555839709011364e-16 5.635032668101226e-17 1.4182155792061617e-16 1311833260.15
995868468.2380002 3.1090692234784774 3.6920807040910133e-16 4.4174034825435306e-16 7.253227784525173e-17 2.2711301724306604e-16 1311833268.2380002
995868510.3092858 7.781910504672981 3.692080704091014e-16 2.5110392577624575e-16 -1.1810414463285563e-16 1.2622243406401145e-16 1311833310.3092856
995868521.1168183 7.77340368652535 3.692080704091014e-16 3.905290477618642e-16 2.13209773527628e-17 1.3918624458616452e-16 1311833321.1168184
