light_curves/galex/GALEX_3153788713082824497_LC.ecsv
# %ECSV 0.9
# ---
# datatype:
# - {name: t_mean, datatype: float64}
# - {name: exptime, datatype: float64}
# - {name: mcatbg_flux, datatype: float64}
# - {name: flux_acorr, datatype: float64}
# - {name: flux_mcatbgsub_acorr, datatype: float64}
# - {name: flux_mcatbgsub_err, datatype: float64}
# - {name: time, datatype: float64}
# meta: !!omap
# - __serialized_columns__:
#     time:
#       __class__: astropy.time.core.Time
#       format: unix
#       in_subfmt: '*'
#       out_subfmt: '*'
#       precision: 3
#       scale: utc
#       value: !astropy.table.SerializedColumn {name: time}
# schema: astropy-2.0
t_mean exptime mcatbg_flux flux_acorr flux_mcatbgsub_acorr flux_mcatbgsub_err time
993082371.3961239 6.734270071075869 4.3479070530224464e-16 7.861669579066085e-15 7.42687887376384e-15 4.859123381481781e-16 1309047171.396124
993082381.3046818 7.4865871077490755 4.3479070530224464e-16 8.676773427843375e-15 8.24198272254113e-15 4.82870701285775e-16 1309047181.3046818
993082390.9722074 7.483698955724103 4.3479070530224464e-16 8.696395780515322e-15 8.261605075213077e-15 4.834816767569715e-16 1309047190.9722075
993082400.8331835 7.492414081132792 4.3479070530224464e-16 8.419024610824635e-15 7.98423390552239e-15 4.758329484829779e-16 1309047200.8331835
993082411.2684897 7.494964437599288 4.3479070530224464e-16 8.051580043810658e-15 7.616789338508413e-15 4.658143503587521e-16 1309047211.2684898
993082421.1639832 7.499474008304948 4.3479070530224464e-16 7.93847412394779e-15 7.503683418645545e-15 4.62573273546714e-16 1309047221.1639833
993082430.9894446 7.499552827268592 4.3479070530224464e-16 7.76543840938075e-15 7.330647704078504e-15 4.577861314497905e-16 1309047230.9894447
993082439.8504167 5.994614116953372 4.3479070530224464e-16 9.004508246782426e-15 8.569717541480181e-15 5.492083685988261e-16 1309047239.8504167
993082481.2566587 6.773628883564336 4.3479070530224464e-16 7.809389861841977e-15 7.374599156539732e-15 4.829759681482283e-16 1309047281.2566586
993082491.1798561 7.5200739074460285 4.3479070530224464e-16 7.894680210701922e-15 7.459889505399677e-15 4.607346367666637e-16 1309047291.179856
993082500.9550992 7.522185129686506 4.3479070530224464e-16 8.207576904860702e-15 7.772786199558457e-15 4.692077133610395e-16 1309047300.955099
993082510.7363361 7.532690571555119 4.3479070530224464e-16 7.623089637614376e-15 7.188298932312131e-15 4.528128403015896e-16 1309047310.7363362
993082520.725205 7.532684941629145 4.3479070530224464e-16 8.0242828199482e-15 7.589492114645954e-15 4.639017238287264e-16 1309047320.725205
993082530.8843172 7.533979824603304 4.3479070530224464e-16 8.733503145367466e-15 8.298712440065221e-15 4.828400609664044e-16 1309047330.8843172
993082541.0239795 7.528372418332597 4.3479070530224464e-16 7.887002787771903e-15 7.452212082469659e-15 4.602692433201311e-16 1309047341.0239797
993082551.2379425 7.536609000033446 4.3479070530224464e-16 7.829690172423687e-15 7.394899467121442e-15 4.584374079103639e-16 1309047351.2379425
993082560.9320371 7.537256441520524 4.3479070530224464e-16 7.845761901174745e-15 7.4109711958725e-15 4.588613872596716e-16 1309047360.932037
993082571.1735717 7.5392719550194345 4.3479070530224464e-16 9.401520709290172e-15 8.966730003987927e-15 4.998818966404392e-16 1309047371.1735716
993082580.6286929 6.784899374399318 4.3479070530224464e-16 8.897029106314134e-15 8.46223840101189e-15 5.132966905759812e-16 1309047380.6286929
993082623.203069 4.525815143401502 4.3479070530224464e-16 7.759911350007314e-15 7.32512064470507e-15 5.890960551070837e-16 1309047423.203069
993082631.0120498 7.545065148847302 4.3479070530224464e-16 8.362606582290373e-15 7.927815876988129e-15 4.726625318037092e-16 1309047431.0120497
993082640.8866961 7.547998340280072 4.3479070530224464e-16 9.05581467926162e-15 8.621023973959376e-15 4.907662376188273e-16 1309047440.886696
993082651.0170001 7.547069402494262 4.3479070530224464e-16 8.151582385569818e-15 7.716791680267573e-15 4.669196154426334e-16 1309047451.0170002
993082661.2735907 7.548381175246346 4.3479070530224464e-16 8.227867944148994e-15 7.793077238846749e-15 4.6894018596821065e-16 1309047461.2735906
993082671.0820299 7.546388181451336 4.3479070530224464e-16 7.419537451876553e-15 6.984746746574308e-15 4.466757002529353e-16 1309047471.0820298
993082680.9770802 7.55309342328709 4.3479070530224464e-16 8.687283311722494e-15 8.252492606420249e-15 4.810162540231628e-16 1309047480.9770803
993082691.0614341 7.546224913598071 4.3479070530224464e-16 8.254161433351636e-15 7.819370728049391e-15 4.697156019853043e-16 1309047491.0614343
993082701.202481 7.546951174048796 4.3479070530224464e-16 8.420830175449758e-15 7.986039470147513e-15 4.741587105138228e-16 1309047501.202481
993082711.1578739 7.544457116842045 4.3479070530224464e-16 8.190497704935033e-15 7.755706999632788e-15 4.680532973406799e-16 1309047511.1578739
993082720.9930516 7.551866099424627 4.3479070530224464e-16 9.268851293044047e-15 8.834060587741802e-15 4.96096993782212e-16 1309047520.9930515
993082762.5186265 5.287939511122471 4.3479070530224464e-16 8.313180902738909e-15 7.878390197436664e-15 5.630160896826368e-16 1309047562.5186265
993082770.794889 7.5511285791219525 4.3479070530224464e-16 8.61623485561303e-15 8.181444150310784e-15 4.792087818925105e-16 1309047570.794889
993082780.8583901 7.550081412890676 4.3479070530224464e-16 8.383008862473282e-15 7.948218157171037e-15 4.730509329435258e-16 1309047580.85839
993082791.2415217 7.553932282257306 4.3479070530224464e-16 8.132960554201488e-15 7.698169848899243e-15 4.662031277922682e-16 1309047591.2415218
993082801.2351046 7.554399566113198 4.3479070530224464e-16 7.832276780341672e-15 7.397486075039427e-15 4.579686337398165e-16 1309047601.2351046
993082812.0208403 7.535556203876194 4.3479070530224464e-16 1.1444301204148733e-14 1.1009510498846488e-14 5.493124148351986e-16 1309047612.0208402
993082820.4575415 7.52182481442413 4.3479070530224464e-16 2.7461298575604855e-14 2.7026507870302612e-14 8.418490436744186e-16 1309047620.4575415
993082831.04031 7.517309613792498 4.3479070530224464e-16 1.19328772204545e-14 1.1498086515152255e-14 5.611426786213606e-16 1309047631.04031
993082842.2973344 7.508301732233129 4.3479070530224464e-16 3.015718077734185e-14 2.97223900720396e-14 8.8233480063486e-16 1309047642.2973344
993082849.1248285 7.51120114411005 4.3479070530224464e-16 1.868947763276552e-14 1.8254686927463277e-14 6.977259153248603e-16 1309047649.1248283
993082861.0358143 7.530584979240617 4.3479070530224464e-16 8.445912172195078e-15 8.011121466892834e-15 4.753428098947205e-16 1309047661.0358143
993082902.5573641 5.278621983634499 4.3479070530224464e-16 8.383745655058355e-15 7.94895494975611e-15 5.657720807135191e-16 1309047702.557364
993082910.7321374 7.542875107643181 4.3479070530224464e-16 8.664388385830124e-15 8.229597680527879e-15 4.8073981328764e-16 1309047710.7321374
993082920.8913788 7.537903883007604 4.3479070530224464e-16 8.778118024456003e-15 8.343327319153758e-15 4.838830457102046e-16 1309047720.8913789
993082930.9680704 7.539970065840285 4.3479070530224464e-16 9.392154902545973e-15 8.957364197243728e-15 4.996215554940724e-16 1309047730.9680705
993082940.6623827 7.529357655378153 4.3479070530224464e-16 8.062604029705553e-15 7.627813324403309e-15 4.650497808400145e-16 1309047740.6623826
993082950.9398376 7.533878485935761 4.3479070530224464e-16 8.794450984567621e-15 8.359660279265376e-15 4.844395471606473e-16 1309047750.9398375
993082961.0083501 7.538906009831084 4.3479070530224464e-16 9.3620432500067e-15 8.927252544704454e-15 4.988933851399334e-16 1309047761.0083501
993082970.9853947 7.539316994427231 4.3479070530224464e-16 8.460515159933215e-15 8.02572445463097e-15 4.754563780998036e-16 1309047770.9853947
993082980.9684888 7.539007348498627 4.3479070530224464e-16 8.55037099092977e-15 8.115580285627525e-15 4.778523361071284e-16 1309047780.9684887
993082990.9374739 7.537278961224423 4.3479070530224464e-16 9.148991868763015e-15 8.71420116346077e-15 4.935113598408058e-16 1309047790.9374738
993083000.9620938 7.536569590551623 4.3479070530224464e-16 8.909977697223398e-15 8.475186991921153e-15 4.873638403688134e-16 1309047800.9620938
993083006.5373808 0.7496985001288359 4.3479070530224464e-16 6.832868048123883e-15 6.3980773428216384e-15 1.3634460221269357e-15 1309047806.5373807
993083052.428925 5.2844151774623676 4.3479070530224464e-16 9.147880627200694e-15 8.71308992189845e-15 5.893603210645339e-16 1309047852.428925
993083061.1757913 7.551652162237591 4.3479070530224464e-16 9.512729488729108e-15 9.077938783426863e-15 5.022777280925e-16 1309047861.1757913
993083070.9178294 7.548747120434695 4.3479070530224464e-16 8.39252475048472e-15 7.957734045182475e-15 4.733469488968593e-16 1309047870.9178295
993083080.9858215 7.546140464708452 4.3479070530224464e-16 9.322905734205762e-15 8.888115028903517e-15 4.976606486279155e-16 1309047880.9858215
993083091.1632528 7.545065148847302 4.3479070530224464e-16 9.023876238555662e-15 8.589085533253417e-15 4.900379818360487e-16 1309047891.1632528
993083100.795369 7.538241678566081 4.3479070530224464e-16 8.96638224073541e-15 8.531591535433164e-15 4.887728687574941e-16 1309047900.7953691
993083111.1794572 7.544519046027764 4.3479070530224464e-16 9.967008550374928e-15 9.532217845072683e-15 5.138225693774614e-16 1309047911.1794572
993083121.2143166 7.543702706761448 4.3479070530224464e-16 9.107309337181022e-15 8.672518631878777e-15 4.922311279957771e-16 1309047921.2143166
993083130.9445931 7.547266449903374 4.3479070530224464e-16 8.475200583188593e-15 8.040409877886348e-15 4.7559650290603195e-16 1309047930.944593
993083141.020188 7.5605361854255175 4.3479070530224464e-16 8.642625081984607e-15 8.207834376682363e-15 4.7960557709554315e-16 1309047941.0201879
993083146.8560579 1.5073245569960951 4.3479070530224464e-16 8.42284635260103e-15 7.988055647298785e-15 1.0610976603118658e-15 1309047946.856058
993083184.4748765 2.2713580905886346 4.3479070530224464e-16 8.649860721439167e-15 8.215070016136922e-15 8.753668256384845e-16 1309047984.4748764
993083190.8282038 7.578827814917012 4.3479070530224464e-16 8.654008088304709e-15 8.219217383002464e-15 4.793255766586198e-16 1309047990.8282037
993083197.4661763 2.270929595248385 4.3479070530224464e-16 9.050860927322178e-15 8.616070222019933e-15 8.944905951948111e-16 1309047997.4661763
995655051.0687083 7.49588211553315 4.3308437797908384e-16 8.251593341866694e-15 7.81850896388761e-15 4.711711457185887e-16 1311619851.0687084
995655060.8992945 7.501106686837582 4.3308437797908384e-16 8.110827272244559e-15 7.677742894265475e-15 4.671894293607593e-16 1311619860.8992944
995655068.9521071 4.502123793934183 4.3308437797908384e-16 7.758786159402404e-15 7.32570178142332e-15 5.905375273122518e-16 1311619868.952107
995655083.0322026 4.50407799921355 4.3308437797908384e-16 7.897364149607951e-15 7.464279771628867e-15 5.953616153313198e-16 1311619883.0322027
995655091.0118556 7.505621887469217 4.3308437797908384e-16 8.5114921112932e-15 8.078407733314115e-15 4.778316280011878e-16 1311619891.0118556
995655100.7792995 6.746677806957721 4.3308437797908384e-16 7.667728206283275e-15 7.234643828304192e-15 4.797270184902025e-16 1311619900.7792995
995655141.9749999 6.016087275586695 4.3308437797908384e-16 8.440861568977323e-15 8.00777719099824e-15 5.316138432467096e-16 1311619941.975
995655151.0451373 7.522280838428075 4.3308437797908384e-16 8.486554080049667e-15 8.053469702070584e-15 4.766389395019634e-16 1311619951.0451374
995655161.2534755 7.52626119609212 4.3308437797908384e-16 8.198614120664591e-15 7.765529742685508e-15 4.687884975839498e-16 1311619961.2534757
995655171.0121627 7.533670178674702 4.3308437797908384e-16 8.385272554273056e-15 7.952188176293973e-15 4.735771836813356e-16 1311619971.0121627
995655180.9719433 7.526694700392166 4.3308437797908384e-16 7.561752096071712e-15 7.12866771809263e-15 4.512213810668066e-16 1311619980.9719434
995655190.4735813 7.53681167736853 4.3308437797908384e-16 9.484532112345361e-15 9.051447734366278e-15 5.020149231907929e-16 1311619990.4735813
995655201.0769879 7.535544944024245 4.3308437797908384e-16 8.123604863685202e-15 7.690520485706119e-15 4.664676749032021e-16 1311620001.0769877
995655210.6679914 7.533574469933132 4.3308437797908384e-16 7.650264662331144e-15 7.21718028435206e-15 4.534944499295683e-16 1311620010.6679914
995655220.9080799 7.528209150479333 4.3308437797908384e-16 8.64873307587824e-15 8.215648697899156e-15 4.807467219991271e-16 1311620020.9080799
995655227.0285186 1.5039803809671795 4.3308437797908384e-16 8.917751636386118e-15 8.484667258407035e-15 1.0913307043339008e-15 1311620027.0285187
995655263.5784329 3.76308837360125 4.3308437797908384e-16 8.613852679764859e-15 8.180768301785776e-15 6.786682257318892e-16 1311620063.578433
995655271.1546414 7.538866600349262 4.3308437797908384e-16 8.11747480002119e-15 7.684390422042105e-15 4.661984848627808e-16 1311620071.1546414
995655280.8876643 7.546928654344897 4.3308437797908384e-16 8.841627889377245e-15 8.408543511398162e-15 4.852034321547989e-16 1311620080.8876643
995655291.4082772 7.540471129252024 4.3308437797908384e-16 8.534217857728808e-15 8.101133479749725e-15 4.773290869833139e-16 1311620091.408277
995655300.9833201 7.536164235881452 4.3308437797908384e-16 7.96562787245998e-15 7.532543494480896e-15 4.621399510487942e-16 1311620100.9833202
995655311.0997233 7.5351677389839455 4.3308437797908384e-16 8.645456173665219e-15 8.212371795686136e-15 4.804383178466014e-16 1311620111.0997233
995655321.069361 7.529216907228787 4.3308437797908384e-16 8.538768332246376e-15 8.105683954267291e-15 4.778064186182945e-16 1311620121.069361
995655330.939173 7.517433472163939 4.3308437797908384e-16 8.562060672496658e-15 8.128976294517575e-15 4.787986971916986e-16 1311620130.939173
995655340.8881414 7.519246308327761 4.3308437797908384e-16 9.778887641890632e-15 9.345803263911549e-15 5.099796498985926e-16 1311620140.8881414
995655348.4181556 3.7555999510888465 4.3308437797908384e-16 7.87709519687032e-15 7.444010818891235e-15 6.512043712120714e-16 1311620148.4181557
995655391.0787408 7.551477634532379 4.3308437797908384e-16 8.651722513709679e-15 8.218638135730594e-15 4.80084181300943e-16 1311620191.0787408
995655401.2245339 7.55251917083768 4.3308437797908384e-16 8.957497347430468e-15 8.524412969451385e-15 4.880330173927102e-16 1311620201.224534
995655410.9500936 7.5487808999905415 4.3308437797908384e-16 8.572450776374035e-15 8.13936639839495e-15 4.780783431807777e-16 1311620210.9500937
995655421.2524539 7.537791284488112 4.3308437797908384e-16 8.65139289809347e-15 8.218308520114385e-15 4.80511143141306e-16 1311620221.2524538
995655432.2578348 7.534205021642288 4.3308437797908384e-16 1.4463861269968824e-14 1.403077689198974e-14 6.15015383459456e-16 1311620232.257835
995655439.4904027 7.521678436348791 4.3308437797908384e-16 2.3369228563704335e-14 2.293614418572525e-14 7.777163899515437e-16 1311620239.4904027
995655451.6174383 7.519893749814841 4.3308437797908384e-16 1.1875351082678377e-14 1.1442266704699294e-14 5.597018094282352e-16 1311620251.6174383
995655461.2866495 7.522106310722862 4.3308437797908384e-16 3.4477209937546304e-14 3.404412555956722e-14 9.416217049712744e-16 1311620261.2866495
995655469.0609022 5.262114419710777 4.3308437797908384e-16 1.2295192669346034e-14 1.1862108291366951e-14 6.803711095075773e-16 1311620269.060902
995655513.1658504 4.509961271857013 4.3308437797908384e-16 7.878592951209356e-15 7.445508573230273e-15 5.943052069368183e-16 1311620313.1658504
995655520.7889154 7.509315118908557 4.3308437797908384e-16 8.81416206395478e-15 8.381077685975697e-15 4.856989845604449e-16 1311620320.7889154
995655531.1839722 7.522748122283966 4.3308437797908384e-16 9.284348430367176e-15 8.851264052388093e-15 4.974045571727603e-16 1311620331.1839724
995655541.0160639 7.524544068669865 4.3308437797908384e-16 9.11817263736796e-15 8.685088259388875e-15 4.930894702657137e-16 1311620341.016064
995655551.1335661 7.513098429163493 4.3308437797908384e-16 8.506261454414264e-15 8.073177076435181e-15 4.774546846743571e-16 1311620351.1335661
995655560.7095848 7.51392602828176 4.3308437797908384e-16 8.541973039248543e-15 8.108888661269458e-15 4.783774293479571e-16 1311620360.7095847
995655572.0354089 4.512100643727363 4.3308437797908384e-16 8.485072308925312e-15 8.051987930946227e-15 6.153737465678801e-16 1311620372.035409
995655580.7730687 7.525062021859529 4.3308437797908384e-16 8.90560894192606e-15 8.472524563946975e-15 4.875748409551225e-16 1311620380.7730687
995655589.828831 6.019627878058545 4.3308437797908384e-16 9.340907616903289e-15 8.907823238924206e-15 5.576593485267e-16 1311620389.828831
