light_curves/galex/GALEX_3153788713082824497_LC.ecsv
# %ECSV 0.9
# ---
# datatype:
# - {name: t_mean, datatype: float64}
# - {name: exptime, datatype: float64}
# - {name: mcatbg_flux, datatype: float64}
# - {name: flux_acorr, datatype: float64}
# - {name: flux_mcatbgsub_acorr, datatype: float64}
# - {name: flux_mcatbgsub_err, datatype: float64}
# - {name: time, datatype: float64}
# meta: !!omap
# - __serialized_columns__:
#     time:
#       __class__: astropy.time.core.Time
#       format: unix
#       in_subfmt: '*'
#       out_subfmt: '*'
#       precision: 3
#       scale: utc
#       value: !astropy.table.SerializedColumn {name: time}
# schema: astropy-2.0
t_mean exptime mcatbg_flux flux_acorr flux_mcatbgsub_acorr flux_mcatbgsub_err time
[from data line 112]
995655641.3852382 6.798637014743534 4.3308437797908384e-16 9.09879620659143e-15 8.665711828612346e-15 5.182215978118277e-16 1311620441.3852382
995655651.236845 7.555199015601593 4.3308437797908384e-16 8.759439175152286e-15 8.326354797173203e-15 4.8279231732368365e-16 1311620451.236845
995655660.867675 7.540521798585797 4.3308437797908384e-16 7.833720615910555e-15 7.400636237931472e-15 4.583788840412916e-16 1311620460.8676748
995655671.0400537 7.5274941498805585 4.3308437797908384e-16 8.894317390922138e-15 8.461233012943054e-15 4.872023395667792e-16 1311620471.0400538
995655681.0476022 7.52838930811052 4.3308437797908384e-16 8.580344835263368e-15 8.147260457284283e-15 4.78934350196835e-16 1311620481.0476022
995655689.4577295 5.2594683545027126 4.3308437797908384e-16 9.469912070695666e-15 9.036827692716582e-15 6.005100766717294e-16 1311620489.4577293
995655701.4985 6.76459848230107 4.3308437797908384e-16 8.823583721353593e-15 8.390499343374508e-15 5.119961087655677e-16 1311620501.4984999
995655710.7757348 7.521002845231838 4.3308437797908384e-16 8.877268034088567e-15 8.444183656109484e-15 4.869685111989174e-16 1311620510.775735
995655716.4761764 0.7492875155326898 4.3308437797908384e-16 1.0912758823131549e-14 1.0479674445152466e-14 1.7025761842906194e-15 1311620516.4761763
995655754.1867813 3.0242662694891735 4.3308437797908384e-16 6.917667548754455e-15 6.484583170775371e-15 6.826911946477772e-16 1311620554.1867814
995655761.0760227 7.5590780345980955 4.3308437797908384e-16 8.392370115220803e-15 7.95928573724172e-15 4.729700962746984e-16 1311620561.0760226
995655771.0490476 7.563627014785577 4.3308437797908384e-16 7.980745542225584e-15 7.5476611642465e-15 4.617134891583346e-16 1311620571.0490475
995655781.1820068 7.552350273058441 4.3308437797908384e-16 9.284718923372772e-15 8.851634545393689e-15 4.964382181370898e-16 1311620581.1820068
995655790.8734066 7.557417206435587 4.3308437797908384e-16 8.749955633537423e-15 8.316871255558339e-15 4.824733211815597e-16 1311620590.8734066
995655800.9736905 7.5554411024185 4.3308437797908384e-16 9.488732268886712e-15 9.05564789090763e-15 5.015014269588597e-16 1311620600.9736905
995655810.7985551 7.54902298680745 4.3308437797908384e-16 8.471302046533224e-15 8.038217668554141e-15 4.753885511659201e-16 1311620610.7985551
995655820.5926579 7.55432637707553 4.3308437797908384e-16 8.638594708760523e-15 8.205510330781439e-15 4.796480326483224e-16 1311620620.592658
995655830.7746817 7.5605361854255175 4.3308437797908384e-16 8.520649535825706e-15 8.087565157846621e-15 4.763358696015289e-16 1311620630.7746816
995655837.4648026 2.2645339993412335 4.3308437797908384e-16 8.097735560712391e-15 7.664651182733306e-15 8.496393231237546e-16 1311620637.4648027
995655875.012381 1.5138221125369684 4.3308437797908384e-16 1.0298125654730992e-14 9.865041276751909e-15 1.1650293990773669e-15 1311620675.012381
995655881.0168165 7.562202643514002 4.3308437797908384e-16 8.714048210626829e-15 8.280963832647744e-15 4.813802558547818e-16 1311620681.0168166
995655890.6346507 7.559945043198185 4.3308437797908384e-16 8.891784689192775e-15 8.458700311213692e-15 4.86089796559095e-16 1311620690.6346507
995655901.2663707 7.556071654127656 4.3308437797908384e-16 8.45998242037043e-15 8.026898042391345e-15 4.748658064881353e-16 1311620701.2663708
995655910.8461245 7.563829692120663 4.3308437797908384e-16 8.093766395263173e-15 7.66068201728409e-15 4.647854298350641e-16 1311620710.8461246
995655921.0832318 7.5673878053366135 4.3308437797908384e-16 7.90719444657142e-15 7.474110068592336e-15 4.59584981279078e-16 1311620721.083232
995655930.6991727 7.553042753953319 4.3308437797908384e-16 8.744194350546404e-15 8.311109972567321e-15 4.824621657547549e-16 1311620730.6991727
995655941.0890515 7.5556550396055355 4.3308437797908384e-16 8.126479828964794e-15 7.69339545098571e-15 4.659244276817171e-16 1311620741.0890515
995655951.1930319 7.551961808166194 4.3308437797908384e-16 9.059720367185013e-15 8.626635989205928e-15 4.9069059240634415e-16 1311620751.1930318
995655959.0087315 4.529001060536951 4.3308437797908384e-16 7.173001402551015e-15 6.7399170245719315e-15 5.674321166069622e-16 1311620759.0087314
995656002.8809999 4.541657755094042 4.3308437797908384e-16 7.400299160608658e-15 6.9672147826295745e-15 5.750077158615036e-16 1311620802.881
995656011.18686 7.569155602092639 4.3308437797908384e-16 8.216702576136442e-15 7.783618198157358e-15 4.679459011374963e-16 1311620811.18686
995656020.945655 7.568018357045769 4.3308437797908384e-16 7.549417707581475e-15 7.11633332960239e-15 4.496420258048294e-16 1311620820.9456549
995656030.9282418 7.566937411258645 4.3308437797908384e-16 8.994724998685393e-15 8.56164062070631e-15 4.885298154914956e-16 1311620830.9282417
995656040.8423185 7.568547570087381 4.3308437797908384e-16 8.167699414153363e-15 7.734615036174278e-15 4.666425066652951e-16 1311620840.8423185
995656051.0384121 7.571176745517522 4.3308437797908384e-16 7.68211988891543e-15 7.249035510936346e-15 4.532536195968611e-16 1311620851.038412
995656060.9571749 7.569910012173237 4.3308437797908384e-16 7.354401806603901e-15 6.921317428624817e-15 4.440839260983643e-16 1311620860.9571748
995656070.961297 7.566965560888518 4.3308437797908384e-16 7.822390565351238e-15 7.389306187372154e-15 4.572648757270715e-16 1311620870.961297
995656080.3498678 6.80169907350754 4.3308437797908384e-16 8.263550665503047e-15 7.830466287523964e-15 4.949700788789127e-16 1311620880.3498678
995656122.9463637 4.538375508250847 4.3308437797908384e-16 7.479811131305682e-15 7.046726753326599e-15 5.781148858123415e-16 1311620922.9463637
995656130.6043699 7.563919770936257 4.3308437797908384e-16 8.071155345159994e-15 7.638070967180909e-15 4.641684865904916e-16 1311620930.6043699
995656140.6796807 7.564685440868803 4.3308437797908384e-16 7.958038495919378e-15 7.524954117940294e-15 4.61060316296979e-16 1311620940.6796808
995656151.1453811 7.572719345234566 4.3308437797908384e-16 7.646931803010002e-15 7.21384742503092e-15 4.522279668624074e-16 1311620951.145381
995656160.9783666 7.566509536884576 4.3308437797908384e-16 8.631331950634861e-15 8.198247572655777e-15 4.790705642146123e-16 1311620960.9783666
995656171.1348916 7.566582725922245 4.3308437797908384e-16 7.77764886238516e-15 7.344564484406077e-15 4.560407726584918e-16 1311620971.1348915
995656180.9327341 7.558098427478513 4.3308437797908384e-16 8.913099222917347e-15 8.480014844938262e-15 4.867024331748973e-16 1311620980.932734
995656190.7332245 7.5593539009708515 4.3308437797908384e-16 7.12569396140923e-15 6.692609583430146e-15 4.378487278107435e-16 1311620990.7332244
995656201.0715472 7.554309487297603 4.3308437797908384e-16 7.462124490702569e-15 7.029040112723485e-15 4.475928892850414e-16 1311621001.071547
995656207.166 1.51379959283307 4.3308437797908384e-16 7.593104552205338e-15 7.160020174226255e-15 1.0081006518107468e-15 1311621007.166
