data_tables/galex_flare_stats.ecsv
# %ECSV 0.9
# ---
# datatype:
# - {name: KID, datatype: int64}
# - {name: GID, datatype: string}
# - {name: Start, datatype: float64}
# - {name: End, datatype: float64}
# - {name: Total Obs Time, datatype: float64}
# - {name: SC Quarter, datatype: int64}
# - {name: LC Quarter, datatype: int64}
# - {name: Dist, datatype: float64}
# - {name: e_Dist, datatype: float64}
# - {name: E_Dist, datatype: float64}
# - {name: E(B-V), datatype: float64}
# - {name: Reddening Correction, datatype: float64}
# - {name: E_min, datatype: float64}
# - {name: Peak Flux, datatype: float64}
# - {name: Qui Flux, datatype: float64}
# - {name: Qui Flux Error, datatype: float64}
# - {name: Duration, datatype: float64}
# - {name: Ebol, datatype: float64}
# - {name: e_Ebol, datatype: float64}
# - {name: E_Ebol, datatype: float64}
# meta: !!omap
# - __serialized_columns__:
#     End:
#       __class__: astropy.time.core.Time
#       format: unix
#       in_subfmt: '*'
#       out_subfmt: '*'
#       precision: 3
#       scale: utc
#       value: !astropy.table.SerializedColumn {name: End}
#     Start:
#       __class__: astropy.time.core.Time
#       format: unix
#       in_subfmt: '*'
#       out_subfmt: '*'
#       precision: 3
#       scale: utc
#       value: !astropy.table.SerializedColumn {name: Start}
# schema: astropy-2.0
KID GID Start End "Total Obs Time" "SC Quarter" "LC Quarter" Dist e_Dist E_Dist E(B-V) "Reddening Correction" E_min "Peak Flux" "Qui Flux" "Qui Flux Error" Duration Ebol e_Ebol E_Ebol
[from data line 1151]
11720020 6371232439533047599 1308166249.388 1308166321.8140001 3814.0 -1 9 903.997627443963 739.518221630146 1158.96301809766 0.04611886292695999 1.3497075240663208 3.128028558444858e+33 3.3430994200591255e-15 1.1456307766313902e-16 9.930300264586385e-18 72.42599999904633 3.0240928184069544e+34 1.8830274754992506e+34 4.756416573286158e+34
11720135 3154175741173702666 1308166249.8309999 1308166329.7130003 3814.0 -1 9 1019.41845282205 989.436082576471 1051.23886634543 0.0 1.0 2.2145693551174567e+33 1.8045062905409192e-15 6.468749939129824e-17 8.268708241596597e-18 79.88200008869171 1.920790169211299e+34 1.6269980669845619e+34 2.217314980533287e+34
11770522 3154175741173703458 1308166291.954 1308166341.704 3814.0 -1 9 329.962342679191 328.244100895522 331.698344305892 0.0 1.0 4.02209937845609e+32 6.646343576000873e-15 1.9440159965649924e-16 1.0245485320557855e-17 49.75 5.473894727275829e+33 5.046159099764248e+33 5.901709289982192e+33
11720365 3154175741173703266 1308166292.2690003 1308166341.114 3814.0 -1 9 450.378310127425 447.19564654742 453.605780681564 0.0 1.0 9.222100726061036e+32 2.378107186213679e-15 2.944432537417612e-16 1.0304768047968996e-17 48.84499990940094 3.1951668245604086e+33 2.554912230824296e+33 3.835466573401301e+33
11668893 6371232439533046942 1308166292.3309999 1308166310.3920002 3814.0 -1 9 2002.17341702222 1814.68028351622 2231.31255455014 0.055541932582855225 1.43499509835871 1.4925419367327829e+34 9.091004923384216e-16 9.589528185185718e-17 8.585319393569527e-18 18.060999989509583 3.2124673617905843e+34 2.101040099205351e+34 4.4015611864959255e+34
11668919 6371232439533047414 1308166292.483 1308166331.301 3814.0 -1 9 635.041490068194 602.695687671655 670.985667040195 0.03651003539562225 1.2679564578729645 1.526044155018579e+33 2.649573582228567e-15 1.268729012157391e-16 1.0500229246907717e-17 38.817999958992004 1.0866404421003314e+34 9.044041985190992e+33 1.2766089895158725e+34
11720183 3154175741174756488 1308166293.55 1308166321.48 3814.0 -1 9 535.489569576267 525.472955395238 545.888339470152 0.0 1.0 1.1012808415797913e+33 2.8244132879138466e-15 2.1010861412681122e-16 1.0816149192934218e-17 27.930000066757202 8.528698419948021e+33 7.594351015903708e+33 9.467272527731954e+33
11357703 3154175741175792750 1308166298.371 1308166391.325 5355.0 -1 9 1823.91012930769 1712.83097207344 1950.01728647968 0.0 1.0 1.3698419584726818e+34 3.4320722853386376e-15 2.4153437162581783e-16 8.321765862833694e-18 92.9539999961853 1.892290437361616e+35 1.6229124783117769e+35 2.188788910333346e+35
11770637 3154175741173703511 1308166300.744 1308166351.572 3814.0 -1 9 1130.84886900251 1105.4557024823 1157.4136530505 0.0 1.0 5.28463267765164e+33 2.2431449049969486e-15 2.4325573807138616e-16 1.0134746475560556e-17 50.82800006866455 1.8537902057831177e+34 1.4441369326726894e+34 2.2642413646928774e+34
11770691 3154175741173704087 1308166301.395 1308166331.4320002 3814.0 -1 9 866.539303475387 848.120266298885 885.760939708351 0.0 1.0 2.2303985167155266e+33 1.2962869069130628e-15 1.2567926322461436e-16 8.898642902759261e-18 30.037000060081482 6.635348724735285e+33 4.8066315466372727e+33 8.466002149126085e+33
11770650 3154175741173704194 1308166341.121 1308166400.087 3814.0 -1 9 2152.24940077679 2070.80087364413 2240.22416155206 0.0 1.0 1.505708519407491e+34 2.9514184297233532e-15 1.5050924832137486e-16 9.2911841661336e-18 58.96599996089935 2.734749159427282e+34 1.7875049056185224e+34 3.6857551815746958e+34
11410091 3154175741173696070 1308166346.242 1308166601.155 4933.0 -1 9 1749.38549275016 1650.35822618973 1860.75962548876 0.0 1.0 7.841738499588388e+33 2.8189601010585606e-15 9.352643540288878e-17 8.369483386986936e-18 254.91299998760223 3.0438523943824803e+35 2.6581009777009155e+35 3.46842618961793e+35
11772273 3154175741173703896 1308166397.2860003 1308166506.771 5697.0 -1 9 1569.41901045691 1519.65707411349 1622.48360771331 0.0 1.0 1.4259959767020416e+34 3.614322194778049e-15 4.774552997619501e-16 1.1910441910220408e-17 109.48500001430511 1.4501235240108877e+35 1.3001688187853873e+35 1.6038965890370798e+35
11410073 3154175741173695985 1308166397.385 1308166462.6200001 4934.0 -1 9 784.547486990293 774.648719122349 794.697850515397 0.0 1.0 2.820924445516594e+33 5.168117644282169e-15 2.9919733429956754e-16 9.107758806058291e-18 65.23500001430511 4.143071139462791e+34 3.8465323073900746e+34 4.440557212235506e+34
11410073 3154175741173695985 1308166462.6200001 1308166616.8270001 4934.0 -1 9 784.547486990293 774.648719122349 794.697850515397 0.0 1.0 2.820924445516594e+33 2.2536369569231808e-15 2.9919733429956754e-16 9.107758806058291e-18 154.20700001716614 2.0215382807045026e+34 1.760388523992919e+34 2.2829443981037564e+34
11410091 3154175741173696070 1308166507.517 1308166601.155 4933.0 -1 9 1749.38549275016 1650.35822618973 1860.75962548876 0.0 1.0 7.841738499588388e+33 2.9228569133985257e-15 9.352643540288878e-17 8.369483386986936e-18 93.63800001144409 1.4995374386160738e+35 1.294648683786014e+35 1.722280339946726e+35
11357874 3154175741175792858 1308166507.986 1308166556.7410002 5355.0 -1 9 649.742892390977 641.549700919645 658.144210656823 0.0 1.0 2.5834231391733757e+33 1.5216146398488687e-15 5.334290882799252e-16 1.0637956882094262e-17 48.75500011444092 6.191939384997593e+33 4.736771154009499e+33 7.647538653642931e+33
11357703 3154175741175792750 1308166563.973 1308166656.808 5355.0 -1 9 1823.91012930769 1712.83097207344 1950.01728647968 0.0 1.0 1.3698419584726818e+34 4.570787304516509e-15 2.4153437162581783e-16 8.321765862833694e-18 92.83499991893768 2.00838472139256e+35 1.7253326192562866e+35 2.3204844069366983e+35
11770691 3154175741173704087 1308166669.091 1308166814.775 3814.0 -1 9 866.539303475387 848.120266298885 885.760939708351 0.0 1.0 2.2303985167155266e+33 5.866738498604005e-15 1.2567926322461436e-16 8.898642902759261e-18 145.6840000152588 4.450087574089109e+34 4.0747658000605925e+34 4.829631239562113e+34
11669097 6371232439533047209 1308166669.2849998 1308166761.967 3814.0 -1 9 943.637458013888 917.978774725535 970.743863029995 0.03783710300922394 1.2789453254161691 1.8294096313703965e+33 4.030720107849073e-15 3.6757759357845716e-17 7.711635897442311e-18 92.682000041008 3.7646655540806887e+34 3.3411991685482046e+34 4.193835817427268e+34
11720365 3154175741173703266 1308166669.638 1308166830.0450003 3814.0 -1 9 450.378310127425 447.19564654742 453.605780681564 0.0 1.0 9.222100726061036e+32 4.320967903365733e-15 2.944432537417612e-16 1.0304768047968996e-17 160.40699994564056 7.55447027151605e+33 6.651227930150756e+33 8.457891528613421e+33
11770806 3154175741173703476 1308166670.276 1308166814.55 3814.0 -1 9 1518.12545186396 1454.59898462425 1587.33268264692 0.0 1.0 7.918531982387608e+33 4.025814078685553e-15 1.681552605783569e-16 9.967076051173938e-18 144.2739999294281 9.800576011137053e+34 8.561205989902852e+34 1.108966025753227e+35
11720343 3154175741173702808 1308166720.025 1308166814.526 3814.0 -1 9 1403.10757227541 1354.32170640298 1455.46677499743 0.0 1.0 5.66375148397834e+33 1.130312646592252e-15 1.1789523649231817e-16 8.579198374610537e-18 94.50100004673004 2.49232647605298e+34 1.8776420848729151e+34 3.110710167054775e+34
11669091 3154175741173701514 1308166720.284 1308166772.283 3814.0 -1 9 4643.17646709502 4023.52103492048 5460.0983421434 0.0 1.0 3.1910726344613674e+34 3.706754014683612e-15 3.120788769192271e-17 8.887469905985133e-18 51.99899995326996 6.428776638981843e+35 4.594997954347405e+35 8.781602210446066e+35
11668893 6371232439533046942 1308166720.955 1308166777.71 3814.0 -1 9 2002.17341702222 1814.68028351622 2231.31255455014 0.055541932582855225 1.43499509835871 1.4925419367327829e+34 2.856951479405321e-15 9.589528185185718e-17 8.585319393569527e-18 56.75499999523163 1.3455044233486524e+35 1.0329315168772986e+35 1.704733775642935e+35
11668936 6371232439533047299 1308166721.4850001 1308166761.05 3814.0 -1 9 531.240283908557 525.235447200362 537.381496661494 0.033707089722156525 1.2450558160975438 2.943282144178461e+33 5.458572407579937e-15 9.994795254843735e-16 1.4179317482496517e-17 39.56499993801117 1.2382614499548658e+34 1.091824913285152e+34 1.3848208476789157e+34
11770622 3154175741173703957 1308166729.418 1308166821.8400002 3814.0 -1 9 1750.04781308342 1677.96201574756 1828.46742658823 0.0 1.0 9.484930936739207e+33 4.52939993760354e-15 1.3662193839626445e-16 8.871181910731373e-18 92.42200005054474 8.004521216235269e+34 6.814351045951647e+34 9.227745096576053e+34
11720456 3154175741173702427 1308166730.934 1308166761.27 3814.0 -1 9 945.101708627153 929.918566750066 960.779626554494 0.0 1.0 4.5536147144954926e+33 1.3189103341311181e-15 3.70211686481805e-16 1.1316382026210738e-17 30.335999965667725 9.452785189434301e+33 7.017083421872738e+33 1.188974089508477e+34
11669047 6371232439533047438 1308166731.225 1308166760.5349998 3814.0 -1 9 740.489005260312 731.381351684544 749.822175680509 0.0369870588183403 1.271895568305948 6.290203937655551e+33 4.2265744152782766e-15 1.1587876012241235e-15 1.7651300137616857e-17 29.30999994277954 1.4391215576697607e+34 1.1866919697754088e+34 1.69167556830268e+34
11770790 3154175741173703535 1308166731.275 1308166814.705 3814.0 -1 9 1339.24685306209 1288.23122484535 1394.38472606393 0.0 1.0 7.315992256148653e+33 5.433363420735186e-15 2.3700400760826305e-16 1.0264655230471089e-17 83.4300000667572 1.0211134908723349e+35 9.146330004821444e+34 1.1322694295630518e+35
11668919 6371232439533047414 1308166731.584 1308166771.019 3814.0 -1 9 635.041490068194 602.695687671655 670.985667040195 0.03651003539562225 1.2679564578729645 1.526044155018579e+33 2.5411260083325944e-15 1.268729012157391e-16 1.0500229246907717e-17 39.43500006198883 9.136009906430886e+33 7.375779790692071e+33 1.095310873369681e+34
11770764 3154175741175801107 1308166732.493 1308166820.6 3814.0 -1 9 1517.58095194485 1457.57049428543 1582.63862027121 0.0 1.0 7.690409856153298e+33 4.3590222894893774e-15 1.5883392141141703e-16 9.67363596445536e-18 88.10699999332428 7.512091349091359e+34 6.52493403139404e+34 8.530103623623195e+34
11770637 3154175741173703511 1308166741.2230003 1308166815.02 3814.0 -1 9 1130.84886900251 1105.4557024823 1157.4136530505 0.0 1.0 5.28463267765164e+33 4.600401857813029e-15 2.4325573807138616e-16 1.0134746475560556e-17 73.79699993133545 4.7875918555321755e+34 4.296513035361928e+34 5.283094420349222e+34
11770650 3154175741173704194 1308166741.6799998 1308166842.126 3814.0 -1 9 2152.24940077679 2070.80087364413 2240.22416155206 0.0 1.0 1.505708519407491e+34 1.2218314403003262e-15 1.5050924832137486e-16 9.2911841661336e-18 100.44600009918213 5.780681914870532e+34 4.304501389622186e+34 7.267630021528959e+34
11514936 3154175741173698344 1308166776.889 1308166919.316 4178.0 -1 9 817.012481332057 800.398277284593 834.318006704012 0.0 1.0 1.3734533700193704e+33 8.560670366956722e-16 6.030659767553795e-17 1.261678111318072e-17 142.42699992656708 1.5955378541254203e+34 1.3639008789314599e+34 1.8279457136589065e+34
11772270 6371232438459304532 1308166875.304 1308166983.684 5697.0 -1 9 1028.55843569514 631.351045318053 2306.05640335754 0.03672286123037338 1.2697123976269082 5.567153357514305e+33 8.62683762026766e-15 2.4467608439149067e-16 1.491064888029097e-17 108.37999999523163 3.698831244514735e+35 8.401906979384643e+34 1.2887498495969198e+36
11921851 6371232439533049961 1308166882.595 1308167027.1820002 7194.0 -1 9 506.286029435037 499.197164322063 513.575411801073 0.04705887287855148 1.3579827616533464 2.7539502733587674e+33 1.7270504306512936e-14 8.916443334165898e-16 1.2335053128432388e-17 144.58700001239777 9.456582540087558e+34 9.073386018227516e+34 9.844993384292414e+34
10648942 6371197278783276380 1308243358.539 1308243568.4980004 3885.0 -1 9 1809.31072900036 1693.0542545306 1942.2345494406 0.0 1.0 1.0789469515489916e+34 1.0818138038382493e-15 1.5473882839819066e-16 7.989087812058001e-18 209.95899999141693 1.026134352057018e+35 8.304155339690048e+34 1.2350585301650254e+35
10648962 6371197289520698655 1308243477.5279999 1308243628.8839998 4217.0 -1 9 1273.01681523312 1223.30772365652 1326.84956979176 0.06174829974770546 1.4940915119232683 6.994501009137733e+33 9.02792364184679e-16 1.1887054941481745e-16 8.5596919597788e-18 151.35599994659424 5.984312259861127e+34 5.030724089180748e+34 6.957488456308374e+34
10714094 6371197278783276670 1308243868.8660002 1308243917.3200002 3885.0 -1 -1 1820.92770220231 1718.43884722006 1936.08629085455 0.0 1.0 9.249736958389224e+33 1.4994666911374062e-15 1.1085102338587066e-16 7.553492844287442e-18 48.4539999961853 8.265630365264864e+34 6.912586943828851e+34 9.700203253980842e+34
10714126 6371197278783276838 1308243868.871 1308243916.5440001 3885.0 -1 9 746.977485239717 737.099027153688 757.119423946047 0.0 1.0 2.2619769472586672e+33 1.0775677732065219e-15 2.3409818970855783e-16 8.606771763924163e-18 47.67299997806549 8.650952634079126e+33 7.001253652421973e+33 1.0301509140423716e+34
10518536 6371197278783275466 1308249606.275 1308249686.4299998 6965.0 -1 9 606.142310557933 583.300791598566 630.809804068889 0.0 1.0 5.7626661382553756e+32 1.2486950049293335e-15 3.5042918763526515e-17 4.9131278943974785e-18 80.15499997138977 2.645878069019342e+33 1.945295518638243e+33 3.3511636368018635e+33
10648942 6371197278783276380 1308249678.0040002 1308249719.5570004 3885.0 -1 9 1809.31072900036 1693.0542545306 1942.2345494406 0.0 1.0 1.0789469515489916e+34 1.8906601067133245e-15 1.5473882839819066e-16 7.989087812058001e-18 41.55300009250641 5.045597702059337e+34 3.949366190378652e+34 6.199251268004419e+34
10518536 6371197278783275466 1308249686.4299998 1308249797.079 6965.0 -1 9 606.142310557933 583.300791598566 630.809804068889 0.0 1.0 5.7626661382553756e+32 6.207423984287027e-16 3.5042918763526515e-17 4.9131278943974785e-18 110.64900004863739 4.1277917110919276e+33 3.108720387449708e+33 5.154728234705338e+33
10583022 6371197289520698700 1308249686.756 1308249716.753 5711.0 -1 9 1907.49406467327 1790.56392793052 2040.3161857674 0.0638505294919014 1.51465560144984 1.423240294987499e+34 9.496819897499395e-16 9.500088348326556e-17 5.337306519664139e-18 29.996999979019165 3.6909205277734767e+34 2.4367649821999e+34 4.968554176098524e+34
11069573 6371197278783279752 1308249695.3969998 1308249824.905 5580.0 -1 9 530.388540505685 526.176558463161 534.667275907985 0.0 1.0 1.591610968792384e+33 1.5755964789094817e-15 4.559834413318824e-16 8.972053620313294e-18 129.50800001621246 7.285503735040677e+33 6.107644479791721e+33 8.463544563405984e+33
10917931 6371232451344209455 1308255082.5970001 1308255161.8509998 5230.0 -1 9 1211.06558751291 1167.50254152013 1257.93752102592 0.05987964943051338 1.4760468081916418 6.848384442138498e+33 1.4205435745989153e-15 1.4254667859272505e-16 8.009084411041843e-18 79.25399994850159 1.825405642897471e+34 1.3450773058613246e+34 2.3085563866725242e+34
11187382 6371232442754272737 1308255370.7280002 1308255462.1690004 4448.0 -1 9 723.624370463152 713.006937716831 734.556921779978 0.03453964740037918 1.251814461083329 1.9840871098438624e+33 2.2030943562294347e-15 1.305090286819795e-16 8.38126023347385e-18 91.44099998474121 1.904564617065377e+34 1.6840810777418385e+34 2.125474461144777e+34
11137409 3190134169448481203 1308255375.604 1308255458.192 7616.0 -1 9 2937.25567834128 2784.72175030245 3106.97784364834 0.05736595392227173 1.452116478792688 2.1457165949984636e+34 9.574841534629654e-16 4.1785591846683926e-17 5.581033309405454e-18 82.58800005912781 1.5712845634915743e+35 1.2272097123085876e+35 1.92445298274025e+35
10917931 6371232451344209455 1308260980.51 1308261072.592 5230.0 -1 9 1211.06558751291 1167.50254152013 1257.93752102592 0.05987964943051338 1.4760468081916418 6.848384442138498e+33 1.7628133196543026e-15 1.4254667859272505e-16 8.009084411041843e-18 92.08200001716614 4.911418152057933e+34 4.13861189250829e+34 5.696857831498667e+34
