data_tables/galex_flare_stats.ecsv
# %ECSV 0.9
# ---
# datatype:
# - {name: KID, datatype: int64}
# - {name: GID, datatype: string}
# - {name: Start, datatype: float64}
# - {name: End, datatype: float64}
# - {name: Total Obs Time, datatype: float64}
# - {name: SC Quarter, datatype: int64}
# - {name: LC Quarter, datatype: int64}
# - {name: Dist, datatype: float64}
# - {name: e_Dist, datatype: float64}
# - {name: E_Dist, datatype: float64}
# - {name: E(B-V), datatype: float64}
# - {name: Reddening Correction, datatype: float64}
# - {name: E_min, datatype: float64}
# - {name: Peak Flux, datatype: float64}
# - {name: Qui Flux, datatype: float64}
# - {name: Qui Flux Error, datatype: float64}
# - {name: Duration, datatype: float64}
# - {name: Ebol, datatype: float64}
# - {name: e_Ebol, datatype: float64}
# - {name: E_Ebol, datatype: float64}
# meta: !!omap
# - __serialized_columns__:
#     End:
#       __class__: astropy.time.core.Time
#       format: unix
#       in_subfmt: '*'
#       out_subfmt: '*'
#       precision: 3
#       scale: utc
#       value: !astropy.table.SerializedColumn {name: End}
#     Start:
#       __class__: astropy.time.core.Time
#       format: unix
#       in_subfmt: '*'
#       out_subfmt: '*'
#       precision: 3
#       scale: utc
#       value: !astropy.table.SerializedColumn {name: Start}
# schema: astropy-2.0
KID GID Start End "Total Obs Time" "SC Quarter" "LC Quarter" Dist e_Dist E_Dist E(B-V) "Reddening Correction" E_min "Peak Flux" "Qui Flux" "Qui Flux Error" Duration Ebol e_Ebol E_Ebol
9141412 3154281294289971861 1242097091.1599998 1242097201.2189999 6916.0 -1 -1 877.946086774623 864.534175701535 891.77292452098 0.042662911117076874 1.319714720555116 4.869958812113015e+33 1.2552502208401696e-15 3.264907025439311e-16 9.26433469254217e-18 110.05900001525879 2.2912592392743304e+35 2.1915684288011046e+35 2.392482620906755e+35
9141412 3154281294289971861 1242097152.5310001 1242097201.2189999 6916.0 -1 -1 877.946086774623 864.534175701535 891.77292452098 0.042662911117076874 1.319714720555116 4.869958812113015e+33 1.8306179920287533e-14 3.264907025439311e-16 9.26433469254217e-18 48.687999963760376 2.161223721228814e+35 2.067490099625945e+35 2.256407484168067e+35
9141412 3154281294289971861 1242097269.833 1242097373.925 6916.0 -1 -1 877.946086774623 864.534175701535 891.77292452098 0.042662911117076874 1.319714720555116 4.869958812113015e+33 1.3830633074005524e-14 3.264907025439311e-16 9.26433469254217e-18 104.0920000076294 1.7831971434389603e+35 1.699567886504626e+35 1.8679341115818563e+35
9141116 3154281294289970910 1242097390.0349998 1242097489.894 6439.0 -1 -1 1415.05192785925 1372.57727775453 1460.1854798239 0.038586024194955826 1.28518880048808 5.903812216651332e+33 1.8564707582709595e-15 7.497102531407062e-17 5.792676632028464e-18 99.85900008678436 9.571958757668094e+34 8.526131193541656e+34 1.0637974736134812e+35
9141116 3154281294289970910 1242097531.931 1242097594.78 6439.0 -1 -1 1415.05192785925 1372.57727775453 1460.1854798239 0.038586024194955826 1.28518880048808 5.903812216651332e+33 2.3957978797590736e-15 7.497102531407062e-17 5.792676632028464e-18 62.848999977111816 4.475096201646465e+34 3.8295493295523363e+34 5.12782104094214e+34
9329088 3190274906936839894 1242098319.96 1242098356.365 7983.0 -1 -1 1058.87798189432 1039.97150919209 1078.47161742599 0.021853242069482803 1.152692734030443 6.324056082904562e+33 2.6411778782839444e-15 3.4106126366694526e-16 6.978462584130089e-18 36.40499997138977 2.9427366550055766e+34 2.5445578668400245e+34 3.3419404477822897e+34
9328998 3190274906936840200 1242098340.538 1242098356.5479999 7983.0 -1 -1 1487.4239541826 1449.0843335489 1527.80692274093 0.045005470514297485 1.339971152356011 1.8129331375304482e+34 4.572134709898258e-15 5.327032490075118e-16 8.273328652199441e-18 16.009999990463257 4.138437123101949e+34 3.4055345938651937e+34 4.874729852526953e+34
5078579 3190345275681016588 1242109729.855 1242109834.442 4264.0 -1 -1 1707.75507542768 1622.31368388004 1802.47779024399 0.10536238551139832 1.9840078066772964 1.3020974724418684e+34 1.5111754723310545e-15 7.213560078728187e-17 7.86681200650184e-18 104.58700001239777 1.9797169329699405e+35 1.6903122374085208e+35 2.2842554383969545e+35
5254208 3190345275681018094 1242109951.4350002 1242110045.5000002 4353.0 -1 -1 2913.78914568799 2635.11416493788 3254.80594179924 0.13524433970451355 2.409517114154589 5.034835898754915e+34 1.0809756470938789e-15 8.628392221400218e-17 7.774087662050656e-18 94.06500005722046 3.515814897846488e+35 2.6343608903196288e+35 4.516786827148914e+35
8007289 3190169353820569784 1242114974.194 1242115065.1399999 5836.0 -1 -1 918.1148080567 811.208702217922 1056.50136530799 0.03517850488424301 1.2570255287315988 1.924609520977444e+33 8.938542476959394e-16 4.6995995075469047e-17 5.062121957265539e-18 90.94599997997284 2.254815987251494e+34 1.653879131348849e+34 2.994698058353469e+34
8144041 3190169353820570884 1242115161.514 1242115241.42 10152.0 -1 -1 606.398364437915 597.738161017573 615.308555447916 0.023489633575081825 1.1650236059498646 8.473729790414402e+32 3.5652305926771506e-15 5.573133425346295e-17 5.505648574805509e-18 79.90599989891052 3.4614970737253636e+34 3.2615875811317096e+34 3.6628333606305035e+34
8143737 3190169353820571145 1242115421.834 1242115584.096 9288.0 -1 -1 615.496772707629 604.424982356249 626.974157946567 0.03257891535758972 1.2359555640478097 1.3619402153419626e+33 7.658466539280617e-16 1.205199678695663e-16 4.938081278909374e-18 162.26199996471405 1.0660279150834283e+34 9.017137567461993e+33 1.2306756711654146e+34
8145489 3190169353820571117 1242115724.303 1242115759.115 2312.0 -1 -1 1948.10588531678 1837.39835571857 2072.64388542808 0.04149424284696579 1.3097238672943865 1.537125725580766e+34 1.0801711343381776e-15 1.362262553591824e-16 7.646532665939822e-18 34.812000036239624 4.554017971302714e+34 3.3212652127394585e+34 5.815286333039677e+34
8411742 3190169353820574918 1242115796.7849998 1242115923.99 5265.0 -1 -1 2363.05702423976 2208.44977629451 2540.21857706004 0.04865827411413193 1.372179624185006 1.897554035750389e+34 8.497270454089394e-15 8.736174848994071e-17 5.317612639194528e-18 127.20500004291534 2.5639630545333833e+36 2.2227853544921582e+36 2.953371989273134e+36
11190862 3190134169448481571 1242168086.2420003 1242168225.6220002 5594.0 -1 0 511.063701380417 507.353490427999 514.827594244196 0.02394751086831093 1.1684974546256826 1.914138172653721e+33 4.146173353268074e-15 5.603284022531214e-16 1.0864116086374473e-17 139.37999999523163 2.752419363607191e+34 2.5732795692592658e+34 2.93168903929153e+34
11662738 3190134169448491405 1242168400.7150002 1242168440.947 6173.0 -1 -1 2684.20506972435 2515.10091879301 2876.92134795004 0.049278147518634796 1.3777216673737636 2.1731174105299287e+34 2.2672352642348095e-15 6.827039096721931e-17 5.963408285052974e-18 40.23199999332428 2.902540332547737e+35 2.4257813532006468e+35 3.4195103576257825e+35
11243050 3190134169448482244 1242168838.3500001 1242168948.6729999 11133.0 -1 -1 1268.57865251521 1224.15457801757 1316.28102414548 0.042747676372528076 1.3204423294695644 8.279932337266824e+33 2.0668826562630145e-15 2.162702875522627e-16 5.612291044094917e-18 110.32299995422363 6.559362272067729e+34 5.646840790301532e+34 7.489412732282305e+34
7102615 3190098985076398953 1242173992.374 1242174082.6490002 7292.0 -1 1 1792.21738405552 1717.78748787887 1873.24007350775 0.04388369247317314 1.3302324795154636 1.4653734558101909e+34 1.1490669564771396e-15 1.6754464710929734e-16 7.37328812109531e-18 90.27500009536743 5.788949539327546e+34 4.519901268532556e+34 7.074738843468576e+34
7102399 3190098985076399645 1242173993.4029999 1242174074.352 7292.0 -1 1 942.590975207134 920.138068109848 966.145886507734 0.03543172404170036 1.259096998658976 3.565747183553351e+33 8.104781830432787e-16 1.4472426838584887e-16 7.026854015944275e-18 80.94900000095367 1.3910243756840574e+34 1.0843746468462141e+34 1.698393414629873e+34
7183603 3190098985076400432 1242174774.1599998 1242175003.108 8691.0 -1 1 777.43523383103 761.942005503616 793.559686681229 0.035267412662506104 1.2577524540249698 1.4086406510254073e+33 2.8786817278906965e-15 4.891082232970599e-17 6.122418430962773e-18 228.94800007343292 4.9233946418874035e+34 4.553922113568205e+34 5.297174798708989e+34
6674968 3190098985076393704 1242174891.5500002 1242174986.9099998 7292.0 -1 1 571.030056263951 565.616808291074 576.546031622352 0.03901828080415726 1.2888062247333538 1.965650138375202e+33 2.7042692742681006e-15 3.116399128759401e-16 7.728437804794722e-18 95.36000001430511 1.141968487009122e+34 9.972847571864348e+33 1.2867142727223729e+34
9775887 3190028616332214857 1242262733.387 1242262817.08 16458.0 -1 -1 3642.20596710222 2240.48377364478 5790.73772847144 0.09989465773105621 1.9147078306197667 4.605248580161021e+34 2.506786444667827e-15 4.682684257752007e-17 5.2200395994936965e-18 83.6930000782013 1.133551576821708e+36 2.55764025011712e+35 2.4743635843350905e+36
10212441 3190028616332221981 1242262733.425 1242262817.1729999 6169.0 -1 1 574.541352508968 542.646017425413 610.344092206435 0.0 1.0 3.830973088171226e+33 8.438441347444534e-15 1.9186015296587098e-15 2.6927672446534725e-17 83.7480000257492 5.670318534197785e+34 5.000950390649515e+34 6.41268996771623e+34
9776769 3190028616332214740 1242262780.479 1242262898.7600002 19853.0 -1 1 877.560284510004 857.844844820232 898.186014259229 0.06352323293685913 1.5114354696348158 2.281568790663033e+33 2.1728919769547584e-15 5.473080401095192e-17 4.175962444828663e-18 118.28100001811981 6.338819452464193e+34 5.757084207713667e+34 6.927104942458223e+34
9776645 3190028616332214829 1242262780.907 1242262936.5279999 19947.0 -1 -1 1542.14549313215 1475.40660733626 1615.07610265167 0.08303675055503845 1.7159150507446204 9.997435392100545e+33 1.2428280312642426e-15 8.549407208387092e-17 4.250940974714136e-18 155.6210000514984 6.490814965065835e+34 4.926760466140948e+34 8.07433849689695e+34
9959067 3190028616332216912 1242262834.076 1242262935.699 20486.0 -1 1 1033.23292578973 1014.71990728519 1052.4213319403 0.04732915014028549 1.3603714848984363 8.8581398669208e+33 1.6111580985581627e-15 5.299425990085878e-16 5.909254971030959e-18 101.6230000257492 3.29417704634081e+34 2.7007831475955195e+34 3.888442663683307e+34
9835972 3190028616332215404 1242262853.456 1242263054.381 16989.0 -1 1 458.562575331442 455.853637876488 461.303320895164 0.040775805711746216 1.3036195815210219 1.6656070430193502e+33 6.542683181662138e-15 5.258969707091087e-16 9.172344232233767e-18 200.92500007152557 2.718257024993618e+34 2.5395163959611788e+34 2.8970657963357495e+34
9776771 3190028616332214820 1242262863.319 1242262952.309 19947.0 -1 1 606.493336071421 599.878366339609 613.253152550174 0.058727119117975235 1.4650261759269725 1.6240134754903597e+33 2.0440564929757882e-15 1.2937075378629656e-16 4.414605189829821e-18 88.99000000953674 1.0374710378201284e+34 8.489352034001286e+33 1.2260669982432163e+34
9838698 3190028616332215272 1242262863.529 1242263003.2020001 20004.0 -1 1 1135.44296788731 1102.01679928943 1170.92040341022 0.04372840374708176 1.3288899352723742 3.567157105070147e+33 1.736892732692668e-14 6.175283546037572e-17 4.1066313142837674e-18 139.6729999780655 3.5850482600647186e+35 3.342391663259006e+35 3.839052956894615e+35
9838678 3190028616332215276 1242262883.166 1242262972.882 20111.0 -1 1 640.834418157565 559.810584582901 748.754084456645 0.03535880893468857 1.2585001638626148 1.384219806061395e+33 4.180024552814928e-14 1.0218143634206387e-16 4.702406779335502e-18 89.71599996089935 2.5839566543619236e+35 1.9286361803097072e+35 3.4556979877297616e+35
10020121 3190028616332218400 1242262963.0 1242263054.2589998 20486.0 -1 1 726.826878100717 690.236322795311 767.435517731161 0.046341314911842346 1.3516612807433694 1.3377715408489167e+33 1.1834862448730992e-15 4.999838724397747e-17 3.814305114347468e-18 91.25899994373322 1.1652612509632878e+34 9.269270137981826e+33 1.4101946495134682e+34
9836132 3190028616332215668 1242263013.589 1242263167.4099998 19147.0 -1 1 847.745679382982 833.034392744377 862.976184286181 0.07446160912513733 1.6228545002502115 1.2125945447976632e+34 3.3812005925644082e-15 1.5397898959287038e-15 8.827765065458855e-18 153.82099997997284 4.689422241179048e+34 3.9794125692880087e+34 5.400770639208981e+34
10081514 3190028616332219130 1242263093.012 1242263212.322 20486.0 -1 1 1165.40045063753 1133.68760731242 1198.90382512238 0.055141180753707886 1.4312605286244946 1.1072459199597416e+34 2.191545796211654e-15 4.621700679859173e-16 5.785747749124879e-18 119.31000006198883 6.594016168837407e+34 5.61044586028302e+34 7.585159044127802e+34
9836168 3190028616332215658 1242263113.3860002 1242263224.775 19853.0 -1 1 1101.1007254695 1071.39542010798 1132.46805298324 0.0794740691781044 1.6766204976652852 4.7959251178442923e+33 1.5332635121018888e-14 7.929007031237499e-17 4.300690691577059e-18 111.38899993896484 5.7904220986137e+35 5.441035855916404e+35 6.155523368913264e+35
10017906 3190028616332218697 1242263122.453 1242263212.724 20486.0 -1 -1 1789.27884510756 1680.62794014643 1912.58827992805 0.08082771301269531 1.6914433679822205 1.623872630057619e+34 1.9966816308349793e-15 1.280939581113022e-16 4.863930202754703e-18 90.27100002765656 2.27692635828068e+35 1.930705251006729e+35 2.6536139677770583e+35
10018694 3190028616332218334 1242263123.297 1242263192.8530002 20486.0 -1 1 952.388179970309 939.041733790555 966.112451446571 0.04411424696445465 1.332228233932266 5.952403077885285e+33 1.8067793129129106e-15 3.4563933824659344e-16 5.411311747315802e-18 69.55599999427795 2.0441036840782976e+34 1.6536971254458227e+34 2.4347515371708537e+34
9836207 3190028616332215622 1242263123.529 1242263403.8140001 19853.0 -1 -1 5452.65126071293 4434.09344511061 6904.86731787605 0.09139183163642883 1.8117177219052776 7.459486405537395e+34 4.1797271359599696e-14 2.731855060355601e-17 3.942217703140888e-18 280.2849999666214 8.9827648627833e+37 5.625082904799127e+37 1.3768763431216242e+38
10081726 3190028616332219138 1242263131.102 1242263213.729 20486.0 -1 1 1317.66896060554 1269.69870196129 1369.33141594381 0.07333146780729294 1.610972270761474 9.93899630190964e+33 1.476183688023074e-15 1.7986034362837497e-16 4.652981413067666e-18 82.6269999742508 5.040827364942669e+34 4.044249644750313e+34 6.048151444580578e+34
10017777 3190028616332218481 1242263131.487 1242263202.859 20486.0 -1 -1 1670.63530497012 1561.2014173002 1796.16342227189 0.07790468633174896 1.6595977379182196 1.3818025308538724e+34 2.5517004587780994e-15 1.267685237911785e-16 4.772765934848159e-18 71.37199997901917 1.7588115275774607e+35 1.4835704347834387e+35 2.062986875541395e+35
10081449 3190028616332218975 1242263131.497 1242263222.791 20486.0 -1 1 1122.37084422754 1092.37770449208 1154.02537424573 0.05209577828645706 1.4031964519247144 6.642348896127583e+33 1.520859913528312e-15 2.0114658289852706e-16 4.63698279672149e-18 91.2940000295639 3.4559965479929613e+34 2.858527393160482e+34 4.0567076058999063e+34
9836263 3190028616332215705 1242263202.489 1242263368.325 20486.0 -1 1 1425.07383483798 1392.41996104469 1459.26637134875 0.08656586706638336 1.7557472974433692 1.885181614664044e+34 2.4102588033075193e-14 3.98184786393955e-16 5.416808368864356e-18 165.836000084877 1.8131092646997142e+36 1.7215194273067102e+36 1.9082652861495383e+36
9838729 3190028616332215334 1242263233.6490002 1242263323.776 20004.0 -1 1 616.954618319222 611.051936151657 622.970373045524 0.0347972996532917 1.2539134886652719 1.877121259043666e+33 2.0049840400995008e-15 2.2033748276784402e-16 4.813087257778435e-18 90.1269999742508 8.270815005689933e+33 6.583638873804048e+33 9.958278215186078e+33
9835930 3190028616332215661 1242263302.913 1242263452.766 17588.0 -1 -1 2328.41039824213 2212.9125276774 2456.32963202076 0.10084392130374908 1.9265630817909518 5.571571297907596e+34 1.624806818751129e-14 4.053242154098579e-16 1.0601552099236892e-16 149.8530000448227 2.0423178109141092e+36 1.823724000081172e+36 2.2812489165191004e+36
10017777 3190028616332218481 1242263361.963 1242263482.996 20486.0 -1 -1 1670.63530497012 1561.2014173002 1796.16342227189 0.07790468633174896 1.6595977379182196 1.3818025308538724e+34 2.1915711809982254e-15 1.267685237911785e-16 4.772765934848159e-18 121.0329999923706 2.3152682923766345e+35 1.9478757292980285e+35 2.7202728625559126e+35
9776909 3190028616332214654 1242263364.2380002 1242263533.252 19503.0 -1 -1 1132.46206518031 1096.052687851 1171.32523499278 0.08513269573450089 1.7394611472509738 6.191424267400443e+33 1.6742198886127323e-15 1.0972580254923838e-16 4.445736697107234e-18 169.01399993896484 1.0019886581903054e+35 8.775838683778886e+34 1.1286967123960039e+35
10017906 3190028616332218697 1242263368.8 1242263472.822 20486.0 -1 -1 1789.27884510756 1680.62794014643 1912.58827992805 0.08082771301269531 1.6914433679822205 1.623872630057619e+34 2.4440169592793318e-15 1.280939581113022e-16 4.863930202754703e-18 104.0220000743866 1.7409909076378345e+35 1.4405832719109718e+35 2.0621160302102346e+35
10017651 3190028616332218027 1242263368.9450002 1242263441.539 20486.0 -1 1 548.159636461912 543.65609760508 552.737057173707 0.05114808678627014 1.3945760326119367 2.9440503399243356e+33 3.639684342913711e-15 7.031202564304565e-16 6.681464190138381e-18 72.59399998188019 1.2005645544236927e+34 1.0412506939223372e+34 1.3599188118061833e+34
