data_tables/galex_flare_stats.ecsv
# %ECSV 0.9
# ---
# datatype:
# - {name: KID, datatype: int64}
# - {name: GID, datatype: string}
# - {name: Start, datatype: float64}
# - {name: End, datatype: float64}
# - {name: Total Obs Time, datatype: float64}
# - {name: SC Quarter, datatype: int64}
# - {name: LC Quarter, datatype: int64}
# - {name: Dist, datatype: float64}
# - {name: e_Dist, datatype: float64}
# - {name: E_Dist, datatype: float64}
# - {name: E(B-V), datatype: float64}
# - {name: Reddening Correction, datatype: float64}
# - {name: E_min, datatype: float64}
# - {name: Peak Flux, datatype: float64}
# - {name: Qui Flux, datatype: float64}
# - {name: Qui Flux Error, datatype: float64}
# - {name: Duration, datatype: float64}
# - {name: Ebol, datatype: float64}
# - {name: e_Ebol, datatype: float64}
# - {name: E_Ebol, datatype: float64}
# meta: !!omap
# - __serialized_columns__:
#     End:
#       __class__: astropy.time.core.Time
#       format: unix
#       in_subfmt: '*'
#       out_subfmt: '*'
#       precision: 3
#       scale: utc
#       value: !astropy.table.SerializedColumn {name: End}
#     Start:
#       __class__: astropy.time.core.Time
#       format: unix
#       in_subfmt: '*'
#       out_subfmt: '*'
#       precision: 3
#       scale: utc
#       value: !astropy.table.SerializedColumn {name: Start}
# schema: astropy-2.0
KID GID Start End "Total Obs Time" "SC Quarter" "LC Quarter" Dist e_Dist E_Dist E(B-V) "Reddening Correction" E_min "Peak Flux" "Qui Flux" "Qui Flux Error" Duration Ebol e_Ebol E_Ebol
[from data line 1397]
6584849 3153894266196991178 1311359996.493 1311360196.7020004 1802.0 -1 10 1932.81869722963 1857.73098548581 2014.09368960511 0.06259986758232117 1.5023877230771618 2.290513317867351e+34 1.5727766369914998e-15 2.3724052236937103e-16 1.42446113104918e-17 200.20899999141693 2.219154311420125e+35 1.9068621168530066e+35 2.53951000769628e+35
6585029 3153894266196990901 1311359998.607 1311360206.154 1802.0 -1 10 729.837224927061 710.109009295746 750.67168399036 0.048899389803409576 1.374332690059884 2.4375685817790675e+33 1.2753171311521816e-15 1.5793473102286342e-16 1.4515946708270096e-17 207.54700005054474 3.610325044114685e+34 3.209823320019695e+34 4.0162730557201066e+34
6502514 3153894266196989485 1311360177.435 1311360308.2740002 1802.0 -1 10 2144.14424706368 1991.31615573858 2321.57005075378 0.06794563680887222 1.5555303116324426 1.4511269603202602e+34 1.1869654045988184e-15 5.865291787554027e-17 1.0612975813926029e-17 130.83900010585785 3.1126781208884497e+35 2.58802251850738e+35 3.69897445909138e+35
6502525 3153894266196989513 1311360185.2280004 1311360358.3439999 1802.0 -1 10 772.665002618329 757.423050725772 788.521394211015 0.043085064738988876 1.3233423855895434 1.430324257661441e+33 1.2794275577568381e-15 4.668865360054675e-17 1.0728670076979144e-17 173.1159999370575 2.7775612965662973e+34 2.433115823677637e+34 3.123437539375494e+34
6502209 3153894266196989720 1311360185.662 1311360308.87 1802.0 -1 10 652.241084785937 638.56567172906 666.503970873942 0.041711170226335526 1.3115726285456368 5.5114570464289415e+32 9.381774755349751e-16 1.389848017651766e-17 1.353303048807214e-17 123.20800006389618 1.6060982142859738e+34 1.4101099199540576e+34 1.8030994744043848e+34
6502468 3153894266196989837 1311360195.462 1311360307.937 1802.0 -1 10 615.602581336047 608.095082399319 623.294362691642 0.04089757055044174 1.3046521648223872 1.447513323555193e+33 1.5223045303460367e-15 1.2209719477913104e-16 1.2947053077622316e-17 112.47500002384186 2.3407024962633344e+34 2.140143690896704e+34 2.541664714919748e+34
6502197 3153894266196990432 1311360196.4620001 1311360307.876 1802.0 -1 10 1457.45741144825 1405.57821800251 1513.23152277008 0.06062100827693939 1.4831795450868746 1.0795436311726279e+34 1.0502847383496633e-15 1.6724810512353698e-16 1.0496561650306404e-17 111.41400003433228 7.521345670086008e+34 6.305575047902686e+34 8.755349326346933e+34
6502390 3153894266196990388 1311360196.7589998 1311360328.467 1802.0 -1 10 1140.98961927659 1105.79872050137 1178.44874556043 0.05216651409864426 1.4038420141147006 2.5109894801216938e+33 9.114060629954726e-16 2.688922564757044e-17 9.491141275141549e-18 131.70800006389618 4.286632279233376e+34 3.6152619716187285e+34 4.964896017661793e+34
6502466 3153894266196989577 1311360207.0920002 1311360337.933 1802.0 -1 10 346.505156263502 344.813496656212 348.213197968423 0.029934629797935486 1.2148856283540066 5.80059904481732e+32 1.3803212041227771e-15 2.2526195636764256e-16 1.0976884482024109e-17 130.84099996089935 4.129562563457283e+33 3.5505396042907264e+33 4.7086128452811e+33
6502367 3153894266196990077 1311360229.462 1311360316.5479999 1802.0 -1 10 1048.52066630211 1014.76489748189 1084.55405471627 0.04987797513604164 1.3831057976456673 2.2640987133001153e+33 1.1586145030191845e-15 3.158084067896119e-17 1.1244057647867573e-17 87.08599996566772 2.168627587634112e+34 1.7749773165226606e+34 2.5657174853645094e+34
6584469 3153894266196990855 1311360926.1 1311361019.244 1802.0 -1 10 1407.22731169724 1360.5458952504 1457.15913744881 0.04417397081851959 1.332745711076669 5.934928833797615e+33 1.0612909445712588e-15 7.203294590315437e-17 9.610745096000374e-18 93.14399993419647 3.5883610871369817e+34 2.8585706962534555e+34 4.323726091722454e+34
6584254 3153894266196991000 1311360969.95 1311361007.209 1802.0 -1 10 410.340753195634 408.064387105528 412.642201524625 0.04355911538004875 1.3274279011935515 1.4682253983917445e+33 2.2079209582403673e-15 6.146625169555565e-16 1.9326743356307153e-17 37.258999943733215 4.4367292100787426e+33 3.7248733789457765e+33 5.148622753898195e+33
6584445 3153894266196990710 1311360976.979 1311361015.306 1802.0 -1 10 1441.38171350889 1392.47729999945 1493.77410930664 0.04427603259682655 1.3336304903186784 6.458065508834429e+33 1.0030540186272253e-15 7.738727991475098e-17 9.648195991697704e-18 38.32700002193451 2.9983983926949874e+34 2.290532447643279e+34 3.710571096257062e+34
6584424 3153894266196991131 1311360977.045 1311361028.2280002 1802.0 -1 10 1368.49182462231 1307.79585798443 1434.96887305849 0.04405517131090164 1.3317165707857 7.034342348188833e+33 1.0161301531047676e-15 1.1331993549537795e-16 1.0777614120398653e-17 51.18300008773804 3.547046825992438e+34 2.7891561176989067e+34 4.317861320313682e+34
6584377 3153894266196991286 1311360977.266 1311361006.706 1802.0 -1 10 1452.5839884022 1417.9923026624 1488.87237484577 0.04430898278951645 1.333916262784562 1.61464545192149e+34 1.8367818607000603e-15 4.687960625824111e-16 1.5221652011032283e-17 29.43999993801117 3.4793184739864775e+34 2.6981306005509724e+34 4.262270838856725e+34
10318274 6371197302405599803 1311378603.475 1311378748.1820002 4309.0 -1 10 1309.0575488273 1282.29950299716 1336.93457525418 0.03752060979604721 1.2763159660341832 1.2026835954780642e+34 2.7249463046913472e-15 4.3072806134433944e-16 1.3177978067189776e-17 144.70700001716614 2.967460339005324e+34 2.3759227443015646e+34 3.560059151940161e+34
10187290 6371197302405598781 1311378750.026 1311378798.821 1994.0 -1 10 809.715965486024 792.58308728667 827.59179782311 0.0 1.0 1.418178472949124e+33 4.5530383073704495e-15 6.664732472978214e-17 1.1110821010988905e-17 48.794999957084656 7.985393666992501e+34 7.514273722679081e+34 8.467132929506138e+34
6761232 3190098985076394574 1311413293.038 1311413403.093 8670.0 -1 10 1203.32411648246 1173.65584440628 1234.50182236371 0.05876351520419121 1.4653729382014316 6.792367654506068e+33 2.1050930934222694e-15 1.4597124337397405e-16 5.132552700374922e-18 110.0550000667572 9.684624424993531e+34 8.71543197615751e+34 1.0666016359503356e+35
7101309 3190098985076399182 1311413972.5630002 1311414112.0390003 9342.0 -1 10 1606.63507788161 1539.27532984821 1680.02572172691 0.038445860147476196 1.2840179915025844 1.485958756664789e+34 1.897800691928632e-15 2.863215706919852e-16 6.267956777207082e-18 139.4760000705719 1.1517269705615578e+35 9.823435569354781e+34 1.326184938110595e+35
7101414 3190098985076398782 1311414011.1030002 1311414121.861 9153.0 -1 -1 2533.17081113751 2194.09960191449 2985.62527012722 0.0399760976433754 1.2968582219003957 2.236440090527901e+34 2.2494907312059234e-15 1.0287820811067222e-16 5.0968028318190965e-18 110.75799989700317 2.820861912532908e+35 2.0103344787106696e+35 3.8706747517304585e+35
7101369 3190098985076399206 1311414081.95 1311414184.5349998 9144.0 -1 10 406.922162908751 396.86689540264 417.490538183078 0.03151718154549599 1.2274520079598505 6.0615388454467654e+32 1.9762791006540245e-15 1.2669606333236943e-16 5.1447520478768675e-18 102.58499991893768 7.79897331581025e+33 6.974543731934787e+33 8.632779380982209e+33
7101432 3190098985076398963 1311414091.87 1311414150.533 8870.0 -1 10 836.072126810307 820.89034104701 851.815470720795 0.03508658707141876 1.256274434582013 4.554915727986482e+33 1.7235507357562165e-15 3.832378741646206e-16 6.50259809488057e-18 58.662999987602234 1.6887039226430813e+34 1.3938604516253647e+34 1.9840275810723088e+34
7101337 3190098985076399245 1311414092.872 1311414132.4660003 9238.0 -1 10 823.025557149913 809.458195605738 837.046967490839 0.03615625947713852 1.2650429677349513 3.530350360891841e+33 1.862388344363301e-15 2.417817577093802e-16 6.0743314072046525e-18 39.59399998188019 1.4251033879851453e+34 1.18209704585111e+34 1.668418644007091e+34
7350626 3153823897454903656 1311419278.5180001 1311419450.023 2101.0 -1 10 892.48291882198 881.456617605717 903.78348525282 0.045372456312179565 1.343172577668766 8.962508109860924e+33 3.138728387365849e-15 9.996491293526398e-16 1.6811304147534055e-17 171.50499999523163 3.4044892232952784e+34 2.8247889364685436e+34 3.9844968465224944e+34
7350743 3153823897452806506 1311419319.413 1311419399.659 2101.0 -1 10 2262.19395671128 2165.85472318212 2367.29282532055 0.04564354568719864 1.345542354932698 1.5676850754748047e+34 1.8568724970927767e-15 7.383381412481599e-17 1.0833309263730991e-17 80.24600005149841 2.548356638183866e+35 2.2165663850967548e+35 2.893380519933029e+35
7350629 3153823897452806315 1311419328.99 1311419368.99 2101.0 -1 10 2569.81213820214 2388.2592873202 2780.20408575264 0.053943369537591934 1.4201560738598307 2.0907861121264e+34 1.7482249144959423e-15 7.079348813863764e-17 1.042172470055427e-17 40.0 1.6310299182242117e+35 1.3109953400409989e+35 1.978355975050319e+35
7350829 3153823897452806408 1311419332.277 1311419409.2680001 2101.0 -1 10 1431.59875604882 896.764261097572 2657.28703963171 0.04360133409500122 1.3277923662929378 1.164634187894094e+34 1.9574281735296917e-15 2.6090670418530877e-16 1.1766068269130565e-17 76.99100005626678 7.921592771294037e+34 1.9113850702622187e+34 2.1526105814495447e+35
7350707 3153823897452806339 1311419348.361 1311419479.187 2101.0 -1 10 1383.9255644126 1348.79810056168 1420.89539232819 0.05091720074415207 1.3924838755391593 6.313436171033688e+33 1.333612994409157e-15 7.98274147553329e-17 1.0159643086060494e-17 130.82600009441376 5.254901650794079e+34 4.2592366815754e+34 6.254406152325924e+34
7350629 3153823897452806315 1311419368.99 1311419451.313 2101.0 -1 10 2569.81213820214 2388.2592873202 2780.20408575264 0.053943369537591934 1.4201560738598307 2.0907861121264e+34 7.632533746275337e-16 7.079348813863764e-17 1.042172470055427e-17 82.32299995422363 7.704587806891404e+34 5.392166037603708e+34 1.0103275527796232e+35
7431509 6371373169505209248 1311419459.504 1311419619.451 2101.0 -1 10 723.321874901078 592.690347041691 925.183733231444 0.026943374425172806 1.1914836560641273 2.9049855720422977e+33 1.9416047911823825e-14 3.0934075209390977e-16 1.3139436280289657e-17 159.94700002670288 1.7787133581395795e+35 1.1343133935551352e+35 2.7727566807971142e+35
7431513 6371373169507306259 1311419518.961 1311419621.2610002 2101.0 -1 10 1564.52706392179 1521.09647895343 1610.46029150277 0.03302326425909996 1.2395318721009327 1.0891193432994008e+34 1.5727547493909125e-14 1.8355024954267522e-16 1.1108201840130231e-17 102.30000007152557 6.934541954704582e+35 6.498514475790337e+35 7.390277341838361e+35
7431513 6371373169507306259 1311419658.2719998 1311419737.806 2101.0 -1 10 1564.52706392179 1521.09647895343 1610.46029150277 0.03302326425909996 1.2395318721009327 1.0891193432994008e+34 1.9915587111489856e-15 1.8355024954267522e-16 1.1108201840130231e-17 79.53400003910065 7.498881621090438e+34 6.518263245579057e+34 8.489923537157867e+34
7431632 3153823897452807113 1311419719.2779999 1311419799.539 2101.0 -1 10 439.353509994254 436.026812882847 442.730440229305 0.019363954663276672 1.1341847615128926 4.759353531013973e+32 9.274824738681501e-15 6.731683183846015e-17 8.710314973291225e-18 80.2610000371933 2.689285292551582e+34 2.5690387940571385e+34 2.8097414554484425e+34
7431513 6371373169507306259 1311419751.165 1311419840.889 2101.0 -1 10 1564.52706392179 1521.09647895343 1610.46029150277 0.03302326425909996 1.2395318721009327 1.0891193432994008e+34 3.2389889144257306e-15 1.8355024954267522e-16 1.1108201840130231e-17 89.7240000963211 6.277478457724396e+34 5.281195071448015e+34 7.280963710450715e+34
7431509 6371373169505209248 1311419800.913 1311419980.4310002 2101.0 -1 10 723.321874901078 592.690347041691 925.183733231444 0.026943374425172806 1.1914836560641273 2.9049855720422977e+33 3.349928449629023e-15 3.0934075209390977e-16 1.3139436280289657e-17 179.51800000667572 5.740273282463701e+34 3.639564188352088e+34 8.961972341002396e+34
10058374 6371197289520694460 1311466708.516 1311466725.072 4176.0 -1 10 1564.37745240431 1489.46595810591 1647.04525377998 0.0 1.0 1.0857982914138262e+34 1.86015583930529e-15 2.804037842629253e-16 8.201500746649346e-18 16.555999994277954 4.044492296427373e+34 3.357807659882852e+34 4.754572616609321e+34
10122038 3154422031778318100 1311466811.264 1311466853.953 3259.0 -1 10 1590.71942481905 1510.60749340992 1679.59768716863 0.03694276884198189 1.2715293207394827 4.683740606328635e+33 7.296863064938847e-16 3.0186330854529544e-17 6.5209729436363085e-18 42.68899989128113 2.921307049777678e+34 2.2540852275543782e+34 3.6033408266190017e+34
10134152 6371232452417945994 1311495702.606 1311495741.954 2885.0 -1 10 778.601614977073 765.998424964381 791.618723581642 0.02965361252427101 1.212667676800091 3.156929536076631e+33 2.074737174775602e-15 2.6268587825325743e-16 1.0548582923823725e-17 39.348000049591064 1.2985189828341254e+34 1.0791717601878318e+34 1.5181349854991067e+34
10134600 6371232452417946087 1311495781.464 1311496083.716 2885.0 -1 10 3742.21655789869 3506.255347637 4010.93760288634 0.04408731311559677 1.3319949314265815 4.381511181925278e+34 3.5155306011193676e-14 7.859208199671911e-17 9.099706864884683e-18 302.2519999742508 8.283525545358755e+36 7.223606200257821e+36 9.486631659159721e+36
10134571 6371232452420043260 1311495789.271 1311496031.928 2885.0 -1 10 2885.6370161435 2693.1166172716 3106.76118674554 0.04395873844623566 1.3308817733679308 1.1299101039362642e+35 7.57586874603999e-14 1.4807910540121268e-15 1.8810771180935546e-17 242.65699994564056 3.020191303726423e+37 2.6163367928093676e+37 3.483809878033212e+37
10134553 6371232452417946257 1311495892.133 1311495981.988 2885.0 -1 10 1145.96358112526 1099.65848597341 1196.25617875256 0.039148084819316864 1.2898945016781218 1.9163302858474901e+34 2.1674703538256055e-14 1.82305945980083e-15 2.015256115697893e-17 89.85500001907349 2.58068649494598e+35 2.3464377085972015e+35 2.831058600219978e+35
10135171 6371232452417946047 1311495902.534 1311495983.45 2885.0 -1 10 874.024051765806 853.526440840354 895.511444367104 0.028421426191926003 1.202990250231227 2.324085671943188e+33 2.5635267684723183e-15 9.110417286374505e-17 8.239628749209293e-18 80.91600000858307 6.053994636500093e+33 4.1900097310739205e+33 7.920117550808759e+33
10134652 6371232452417946069 1311495975.7389998 1311496012.012 2885.0 -1 10 1377.47060614855 1345.85544547351 1410.57777856928 0.040826402604579926 1.3040485511534254 2.3946931204875887e+34 5.21068973273168e-15 1.3342419895177228e-15 1.6857868020743076e-17 36.27300000190735 1.0806872119566858e+35 9.653120341906381e+34 1.1970881668945306e+35
10397291 3190239722564751366 1311495977.388 1311496115.1490002 6862.0 -1 10 742.391137259329 729.031737065798 756.240095210178 0.0 1.0 1.1730171414382958e+33 1.7275255423566507e-15 6.452519957533157e-17 4.458047126298308e-18 137.7610000371933 2.797536203984398e+34 2.550260034130266e+34 3.0463374890310076e+34
10134577 6371232452417946254 1311495991.85 1311496083.578 2885.0 -1 -1 1457.37162640193 1390.87118330125 1530.40320863206 0.04110923781991005 1.3064490806587234 9.116084281577105e+33 2.207072356023734e-14 1.5374542525592168e-16 9.695884572745855e-18 91.7279999256134 8.221569261243556e+35 7.442519784205423e+35 9.071820446090714e+35
10135171 6371232452417946047 1311496091.648 1311496169.983 2885.0 -1 10 874.024051765806 853.526440840354 895.511444367104 0.028421426191926003 1.202990250231227 2.324085671943188e+33 1.7340725087961773e-15 9.110417286374505e-17 8.239628749209293e-18 78.33500003814697 4.458015184223371e+34 4.0434747708918467e+34 4.877739134768622e+34
