data_tables/galex_flare_stats.ecsv
# %ECSV 0.9
# ---
# datatype:
# - {name: KID, datatype: int64}
# - {name: GID, datatype: string}
# - {name: Start, datatype: float64}
# - {name: End, datatype: float64}
# - {name: Total Obs Time, datatype: float64}
# - {name: SC Quarter, datatype: int64}
# - {name: LC Quarter, datatype: int64}
# - {name: Dist, datatype: float64}
# - {name: e_Dist, datatype: float64}
# - {name: E_Dist, datatype: float64}
# - {name: E(B-V), datatype: float64}
# - {name: Reddening Correction, datatype: float64}
# - {name: E_min, datatype: float64}
# - {name: Peak Flux, datatype: float64}
# - {name: Qui Flux, datatype: float64}
# - {name: Qui Flux Error, datatype: float64}
# - {name: Duration, datatype: float64}
# - {name: Ebol, datatype: float64}
# - {name: e_Ebol, datatype: float64}
# - {name: E_Ebol, datatype: float64}
# meta: !!omap
# - __serialized_columns__:
#     End:
#       __class__: astropy.time.core.Time
#       format: unix
#       in_subfmt: '*'
#       out_subfmt: '*'
#       precision: 3
#       scale: utc
#       value: !astropy.table.SerializedColumn {name: End}
#     Start:
#       __class__: astropy.time.core.Time
#       format: unix
#       in_subfmt: '*'
#       out_subfmt: '*'
#       precision: 3
#       scale: utc
#       value: !astropy.table.SerializedColumn {name: Start}
# schema: astropy-2.0
KID GID Start End "Total Obs Time" "SC Quarter" "LC Quarter" Dist e_Dist E_Dist E(B-V) "Reddening Correction" E_min "Peak Flux" "Qui Flux" "Qui Flux Error" Duration Ebol e_Ebol E_Ebol
[from data line 1541]
9896502 3190028616332216113 1311627022.3439999 1311627132.5560002 20486.0 -1 10 584.134318768929 578.705163515367 589.664451705454 0.04727496951818466 1.3598922975010839 4.1947843714621726e+33 3.0115413681114467e-15 1.1641558334063003e-15 7.877453945240538e-18 110.21200001239777 1.1780170518784226e+34 9.50106251644841e+33 1.4059673444569456e+34
9896464 3190028616332215984 1311627025.0990002 1311627112.251 20486.0 -1 -1 6814.78258056445 5237.80011625304 9022.12219357804 0.0796000063419342 1.6779940553290271 1.5264256089030613e+35 2.9398924365606904e-15 5.4653022712403414e-17 3.9325651380332745e-18 87.15200006961823 2.4187851558754622e+36 1.2692761728622334e+36 4.007315510119079e+36
9896610 3190028616332216387 1311627032.519 1311627112.334 20486.0 -1 10 1507.91499327624 1471.63354138717 1545.99571129323 0.09270267188549042 1.8272263328991454 3.5543852205314335e+34 3.2034512130545418e-15 1.0425301267279454e-15 7.802842379374418e-18 79.81499993801117 1.1349405096648325e+35 9.584055983177079e+34 1.3123320384640806e+35
9896580 3190028616332216505 1311627042.0580003 1311627182.8179998 20486.0 -1 10 1923.45111447582 1830.56338719108 2026.04975544018 0.10312668234109879 1.9553736160464812 3.2411746109629998e+34 2.0567557162110245e-15 2.859384091614927e-16 5.003797229432463e-18 140.75999999046326 1.975744292094805e+35 1.5967423289022137e+35 2.365172580698728e+35
9956993 3190028616332216987 1311627042.438 1311627122.4029999 20486.0 -1 10 722.630176466007 697.974735170112 749.057007284718 0.07118447124958038 1.58863800075938 1.459489396861772e+33 1.1741828657917513e-15 4.408992650536813e-17 4.0307430684575645e-18 79.9650000333786 1.1420223135510153e+34 9.055187381930087e+33 1.3804293735022009e+34
9896453 3190028616332215869 1311627042.666 1311627122.839 20486.0 -1 10 1382.91199237767 1320.84838249855 1450.96822536812 0.06755861639976501 1.551620585213845 6.766078041647639e+33 3.2832918211803373e-15 7.405877475517786e-17 4.214761722578357e-18 80.17299997806549 1.1555859864054241e+35 1.0109804484364107e+35 1.3075354897845518e+35
9896529 3190028616332216402 1311627042.9559999 1311627113.486 20486.0 -1 10 1554.09156186119 1472.21904554155 1645.39579670902 0.09300395846366882 1.8308095902261556 1.585817208177033e+34 1.454850943334986e-15 1.8321677701515148e-16 4.5698260526756844e-18 70.52999997138977 7.365731604290623e+34 5.8807052500454745e+34 8.899376636734357e+34
11415670 6371232447049240748 1311632393.1030002 1311632505.444 2222.0 -1 10 1040.07172571355 1013.04733763607 1068.54960662728 0.1134437620639801 2.09105369067807 4.859267134921e+33 1.0829578385100651e-15 6.573698387766614e-17 9.620487445411102e-18 112.34099996089935 3.7863442700983074e+34 3.0190315809257024e+34 4.556438646970404e+34
11283638 6371197269119601039 1311638204.6490002 1311638314.69 3268.0 -1 10 964.518145913586 948.651656091559 980.914442678665 0.0 1.0 4.8511359636062445e+33 1.5239130722148784e-15 3.873441817555504e-16 1.0351104350162893e-17 110.04100000858307 2.2117363736497285e+34 1.865641724687253e+34 2.558350031782702e+34
11336577 6371197269119601414 1311638206.0700002 1311638306.58 3268.0 -1 10 780.522932605865 765.862922680702 795.744542031833 0.0 1.0 1.1086509969480976e+33 8.172369248005464e-16 4.717357466529158e-17 7.787442371650718e-18 100.50999999046326 6.006938503976465e+33 4.5095510266274506e+33 7.505652976314451e+33
11336624 6371197269119601456 1311638233.1160004 1311638262.473 3268.0 -1 10 5200.44403385249 4876.46006545299 5568.39120027606 0.0 1.0 7.427719638988639e+34 7.851248162306103e-16 1.0744867184106655e-16 8.013619568743402e-18 29.35699999332428 2.541582309885556e+35 1.964318888809048e+35 3.143492605533561e+35
10782875 3190310091308930996 1311679114.783 1311679235.6190002 9081.0 -1 10 728.971343634024 714.39708776319 744.141382694366 0.0 1.0 2.0050626212000882e+33 1.1874508869622109e-15 2.0279900061637715e-16 4.767655536354665e-18 120.83599996566772 1.2331066345282103e+34 1.0414621908656594e+34 1.4252795327851633e+34
10847966 3190310091308932196 1311679117.2200003 1311679172.3639998 9081.0 -1 10 1945.48332937875 1857.34272398189 2042.19946768421 0.0 1.0 8.376235452581043e+33 9.313038143281272e-16 6.976529775969925e-17 4.390169528283133e-18 55.14399993419647 4.720785599187611e+34 3.6480072804708606e+34 5.810826656030438e+34
10782875 3190310091308930996 1311679164.211 1311679235.6190002 9081.0 -1 10 728.971343634024 714.39708776319 744.141382694366 0.0 1.0 2.0050626212000882e+33 1.9434785608417174e-15 2.0279900061637715e-16 4.767655536354665e-18 71.4079999923706 4.247180459541546e+33 3.01594593874552e+33 5.479391743829347e+33
10389884 6371232514694972213 1311679398.042 1311679487.808 3980.0 -1 10 1246.49926750825 1215.50100079308 1279.08883776131 0.0 1.0 4.866425190978768e+33 1.8237616401893428e-15 1.3973453252654815e-16 7.662291092021268e-18 89.76599991321564 2.3073628552135787e+34 1.8856918509817307e+34 2.730675154582306e+34
10454887 6371232514694972710 1311679669.707 1311679835.0170002 4123.0 -1 10 677.014334868265 666.029998348119 688.360301483867 0.0 1.0 3.442257228751835e+33 2.739316576293126e-15 8.034279525155451e-16 1.3660744582114036e-17 165.30999994277954 1.501399050562632e+34 1.289189945842155e+34 1.713982127385844e+34
10454913 6371232514694972619 1311679731.053 1311679791.1399999 4123.0 -1 10 766.502645873106 752.650188589874 780.864979687095 0.0 1.0 1.3471164628385516e+33 1.3483479815637405e-15 7.488716806689355e-17 6.91887746770984e-18 60.087000012397766 8.342101788654833e+33 6.756988352693624e+33 9.929363752190976e+33
10454725 6371232514694972496 1311679851.428 1311679964.7 4304.0 -1 10 2603.61501333453 2476.35149481622 2744.30823801909 0.03856077790260315 1.284977836040285 8.16265887633e+34 6.624729609640786e-15 1.2508830458190585e-15 1.515340714341303e-17 113.2720000743866 7.058372740152996e+35 6.226534341318636e+35 7.951538829033775e+35
10651337 3190310091308928391 1311679892.713 1311679985.468 9081.0 -1 -1 1221.40025366419 1171.81939844028 1275.27096951616 0.0 1.0 2.889065155148118e+33 2.879178545263615e-15 5.3423754122580364e-17 3.926101228054534e-18 92.75499999523163 3.435089704672153e+34 2.9655507777901417e+34 3.9193498421773197e+34
10651468 3190310091308929321 1311679902.829 1311679984.949 9081.0 -1 10 690.458754026759 680.560639993826 700.643696799476 0.0 1.0 1.9291360456323534e+33 1.6093784514654442e-15 2.332526059807993e-16 4.6891829682310925e-18 82.12000000476837 7.981484967796072e+33 6.689561883280418e+33 9.274599123141447e+33
10651443 3190310091308928760 1311679902.944 1311679993.712 9081.0 -1 10 1046.04082241458 1009.02061567942 1085.82487376718 0.0 1.0 2.2582867624005682e+33 1.3076052785176732e-15 6.067578410690153e-17 3.707151485553811e-18 90.76800000667572 1.5473226004223722e+34 1.247227340301176e+34 1.8504975822995877e+34
10651343 3190310091308928458 1311679904.125 1311680002.6859999 9081.0 -1 10 811.711195265261 790.405069186309 834.175459481033 0.0 1.0 9.431118275522016e+32 3.136286380376868e-15 2.9185826268663764e-17 3.92318446926938e-18 98.56099998950958 1.6811793597887415e+34 1.4723995149208567e+34 1.892032001307451e+34
10651355 3190310091308928690 1311679904.198 1311679994.321 9081.0 -1 10 1016.21304333609 996.954406153394 1036.2162658677 0.0 1.0 7.334048540067997e+33 3.646560518370936e-15 7.184561292838248e-16 7.114345526592556e-18 90.1230000257492 2.489876572946732e+34 2.1116533528976706e+34 2.8690266686036706e+34
10651514 3190310091308928718 1311679904.5310001 1311679982.683 9081.0 -1 10 1435.42361885413 1392.16209575693 1481.40483126514 0.0 1.0 6.644979176510413e+33 2.7687782506312567e-15 1.4815579749386514e-16 4.412444649290356e-18 78.15199995040894 3.4499388097978833e+34 2.8803257732332486e+34 4.024453473461831e+34
10585666 3190310091308928322 1311679905.075 1311679985.475 9081.0 -1 10 483.311568337145 479.170383983425 487.523655316537 0.0 1.0 8.563697094075763e+32 1.8154072116705453e-15 1.9145450385273805e-16 4.523981803102665e-18 80.39999997615814 2.683607638831857e+33 2.1121989530248186e+33 3.255080233552781e+33
10585738 3190310091308927913 1311679909.812 1311680003.856 9081.0 -1 10 1043.56368858408 1005.84822972964 1084.15905123461 0.0 1.0 1.738703790727105e+33 3.2739532158337626e-15 3.6310072748939817e-17 3.635265402039685e-18 94.04399991035461 2.7470293786890053e+34 2.3808197979934396e+34 3.1216764683236917e+34
10651555 3190310091308928548 1311679910.145 1311679991.6160002 9081.0 -1 10 2416.88546537474 2246.67939156798 2614.03606355361 0.0 1.0 1.8540216083267093e+34 1.986511573667365e-15 1.435017035767927e-16 4.3030159505361525e-18 81.47100007534027 9.406766385469989e+34 7.4372597173964455e+34 1.1523067325553046e+35
10585780 3190310091308928422 1311679910.415 1311680012.613 9081.0 -1 10 992.051668459864 974.956045130815 1009.74623309468 0.0 1.0 6.187231408222764e+33 3.576471665030936e-15 5.629985871590417e-16 6.043988054146302e-18 102.19800007343292 2.379470497762249e+34 2.0154779924733883e+34 2.744121082375391e+34
10585645 3190310091308928678 1311679910.6680002 1311680003.6460001 9081.0 -1 10 725.82331525106 717.629802841387 734.202651656069 0.0 1.0 2.822504915436451e+33 1.841095457495474e-15 4.088815447887642e-16 5.882528584056856e-18 92.97800004482269 6.84896725468648e+33 5.329484458635458e+33 8.368810936667163e+33
11972366 6371232438459306646 1311744367.303 1311744455.7940001 3538.0 -1 10 1036.62402663091 950.747805878336 1139.15675667295 0.045597948133945465 1.3451434633140675 4.021774297454041e+33 1.3121107321366639e-15 1.1027189777569221e-16 1.138659120091298e-17 88.49100005626678 2.438412646669002e+34 1.8762344084226594e+34 3.059300388818432e+34
11872405 3154175741175801500 1311744454.7440002 1311744596.3439999 6104.0 -1 10 1559.42817394826 1512.12821483681 1609.72268900993 0.0 1.0 2.572922254311022e+34 8.642975470392536e-15 1.5945699495618787e-15 1.644841557956713e-17 141.60000002384186 4.108789705679971e+35 3.806855370116486e+35 4.423876729562929e+35
11872545 6371232439533050054 1311744497.4210002 1311744616.4440002 5663.0 -1 10 1136.77450978509 1105.12713827768 1170.2522420394 0.07078641653060913 1.5845313651116 2.5049276036552254e+34 8.559856991166324e-15 2.1317836325965682e-15 2.3152076752870123e-17 119.02300000190735 6.637562947273592e+34 5.513798701373893e+34 7.768536900622018e+34
11872552 3154175741173705056 1311744497.58 1311744616.365 5662.0 -1 10 3342.68458032619 2002.28139792732 5390.9179236355 0.0 1.0 1.3637286523887959e+35 8.312592766092245e-15 2.1219057629712495e-15 2.2109307878856134e-17 118.7849999666214 3.553734008077612e+35 6.458750641852911e+34 7.946880136367978e+35
11871233 3154175741173704918 1311744737.293 1311744856.7350004 7352.0 -1 10 779.896655233588 759.917538230496 800.934476931349 0.0 1.0 9.797051920225938e+32 2.1493585847087365e-15 3.6956798487901245e-17 6.740743292419871e-18 119.44200003147125 8.556924180622698e+33 7.10768677127867e+33 1.0013357949629193e+34
11871236 3154175741175801755 1311744836.999 1311744921.1230001 7352.0 -1 -1 1612.50551835714 1566.34797756086 1661.41106970906 0.0 1.0 4.170753433728144e+34 1.4955800943623502e-14 3.6650166124284605e-15 1.9162220721532367e-17 84.12400007247925 2.6279868177833574e+35 2.414745678827021e+35 2.84763935898157e+35
11724221 6371232438459303709 1311750028.337 1311750081.4299998 3542.0 -1 10 2098.91342451353 1982.03503085409 2230.0918163542 0.11680760234594345 2.1372959806030067 2.6400640768888187e+34 1.0392945107195803e-15 1.119884542074555e-16 1.085673438516677e-17 53.09299993515015 1.1202892686462812e+35 8.338792110580765e+34 1.413671147031358e+35
11673066 6371232438459303454 1311750029.383 1311750081.5500002 3542.0 -1 10 2920.581308656 2090.84811143559 4409.80598983568 0.16874459385871887 2.995951186497825 9.706864829327595e+34 1.10636399777358e-15 2.0552423757649726e-16 1.1710553333437497e-17 52.16699993610382 5.442357265717356e+35 2.2464988481312104e+35 1.1050887847268567e+36
11724094 6371232438459303766 1311750029.7519999 1311750126.108 3542.0 -1 10 1032.4474263002 1010.36474650167 1055.49859576006 0.09239852428436279 1.8236161622064395 1.2276401612870798e+34 1.4654427696503527e-15 5.681398859844972e-16 1.4940404288404104e-17 96.35600006580353 3.673391781967522e+34 2.9389189115127823e+34 4.409369891246557e+34
11774310 6371232438459304525 1311750077.6910002 1311750275.416 3542.0 -1 -1 647.592546434541 635.67886598865 659.952970589483 0.08333227038383484 1.7192155537455363 2.425506923385111e+33 1.7261715643794951e-15 1.6120880612574815e-16 1.1585381780545148e-17 197.72500002384186 4.242091160520686e+34 3.8604803414798593e+34 4.626132986396527e+34
11723998 6371232438459304177 1311750081.275 1311750234.006 3542.0 -1 10 1487.70605405317 1425.39552990046 1555.59608098403 0.07770533859729767 1.657447863603656 1.8748421931086067e+34 1.5458825900991528e-15 3.72077079303875e-16 1.3384434366653625e-17 152.73100006580353 1.3914044997887816e+35 1.1959615172225897e+35 1.5932454183564005e+35
11774444 6371232438459304530 1311750081.908 1311750256.539 3542.0 -1 10 933.82045328367 914.960100671068 953.460021280204 0.06686495989561081 1.544637757903486 6.069621428769544e+33 1.2850855505321862e-15 2.8924651900044594e-16 1.2005764159595245e-17 174.63100004196167 3.871526618032288e+34 3.273097756194568e+34 4.471676351840311e+34
12022354 6371232438459307252 1311750266.8450003 1311750357.8200002 3517.0 -1 10 2384.42411266174 2258.36240719442 2525.02460450079 0.06299661099910736 1.506268623131953 2.8507904668123032e+34 3.385051224643355e-15 1.5784959443705253e-16 1.0169336570918004e-17 90.97500002384186 2.4467507852059644e+35 2.0579607931573106e+35 2.856002237154427e+35
11724277 6371232438459304281 1311750313.4780002 1311750476.606 3542.0 -1 10 1638.78976798841 1571.56869829816 1711.89378241471 0.09056305885314941 1.8019804635647139 2.4710013858287957e+34 1.4201840055214274e-15 3.713681040199776e-16 1.605283102641326e-17 163.12799990177155 1.8424679906446072e+35 1.572957582387384e+35 2.1196137538569064e+35
11774275 6371232438459304549 1311750350.775 1311750469.4689999 3542.0 -1 10 977.730797645387 947.843588503345 1009.52710746881 0.1093512624502182 2.036141544556647 4.851369532284814e+33 9.712971498188566e-16 8.848860631518906e-17 1.0297632358624238e-17 118.69400000572205 5.844378821285972e+34 5.028668483122252e+34 6.670341181132003e+34
11724928 6371232438459303707 1311750583.7979999 1311750709.3780003 3542.0 -1 10 1118.33458194479 1090.15190506448 1147.98491707056 0.15836602449417114 2.8004360079886634 1.3299590038194788e+34 1.4233307405212577e-15 2.053950328452781e-16 1.3708624795245628e-17 125.58000004291534 8.282616132816887e+34 6.918387801498851e+34 9.653652986406554e+34
11823208 3154175741173704188 1311750835.2649999 1311750939.0640001 3542.0 -1 -1 1920.28183365174 1814.73643235698 2038.55578311082 0.0 1.0 1.1868635291816684e+34 2.02712015938844e-15 1.4756842075408793e-16 1.0383815591725926e-17 103.79900002479553 1.4433992087501583e+35 1.2354385411894352e+35 1.666302913853646e+35
11823195 3154175741173704934 1311750837.6339998 1311750944.821 3542.0 -1 10 2978.97268663622 2759.83811437427 3234.58859340826 0.0 1.0 2.685596376288921e+34 1.0653528544976377e-15 1.304569296319224e-16 1.0546136536164286e-17 107.18700003623962 1.91319091041446e+35 1.4894667970835278e+35 2.369388996371608e+35
12073354 6371232438459307277 1311750894.549 1311750987.229 6982.0 -1 10 1425.15442847281 1373.75018183267 1480.47538891988 0.0976988673210144 1.8875636328104837 1.3905620345879274e+34 1.3711102007521383e-15 1.874051755068909e-16 8.002523558460553e-18 92.67999994754791 5.770023789504229e+34 4.494315914172645e+34 7.056429154359085e+34
