data_tables/overlapping_stellar_properties.ecsv
# %ECSV 0.9
# ---
# datatype:
# - {name: KID, datatype: int64}
# - {name: dist, datatype: float64}
# - {name: kep_mag, datatype: float64}
# - {name: BV_UBV, datatype: float64}
# - {name: V_UBV, datatype: float64}
# - {name: Lum, datatype: float32}
# - {name: Prot, datatype: float64}
# - {name: teff, datatype: int64}
# - {name: logg, datatype: float64}
# - {name: feh, datatype: float64}
# - {name: mass, datatype: float64}
# - {name: radius, datatype: float64}
# - {name: coincident, datatype: bool}
# - {name: g_mean_e, datatype: float64}
# - {name: g_min_e, datatype: float64}
# - {name: g_max_e, datatype: float64}
# - {name: k_mean_e, datatype: float64}
# - {name: k_min_e, datatype: float64}
# - {name: k_max_e, datatype: float64}
# - {name: n_pts, datatype: float64}
# schema: astropy-2.0
KID dist kep_mag BV_UBV V_UBV Lum Prot teff logg feh mass radius coincident g_mean_e g_min_e g_max_e k_mean_e k_min_e k_max_e n_pts
3852071 3016.56348057411 15.819 0.791 16.216 nan 0.0 5658 4.514 -0.06 0.933 0.884 False 8.469672793841522e+34 8.469672793841522e+34 8.469672793841522e+34 1.112030253245538e+34 6.361634773149115e+33 1.7308870643515773e+34 6.0
4758595 57.5920976713053 12.148 nan nan 0.06633412 0.0 3572 4.858 -0.1 0.417 0.397 True 1.9135156886275148e+31 1.9135156886275148e+31 1.9135156886275148e+31 6.150439578417498e+31 7.929918653518077e+30 1.0360214143320695e+33 326.0
7185248 540.090652674035 15.0640001297 0.967 15.498 0.24728486 19.114 4859 4.545 -0.02 0.734 0.757 True 7.123257691769803e+32 7.123257691769803e+32 7.123257691769803e+32 1.280813250195227e+33 3.1136423974347216e+32 3.268652352132816e+33 12.0
8076634 1084.49704537066 15.1610002518 0.736 15.462 0.85325104 6.008 5459 4.59 -0.2 0.866 0.779 True 1.4624506290715492e+33 1.3605282760992828e+33 1.5643729820438153e+33 6.874365500637521e+33 1.517989376743221e+33 1.8744278670298204e+34 28.0
8415404 304.664664147134 13.8640003204 nan nan 0.2290848 14.013 4838 4.569 -0.18 0.698 0.718 True 3.388930741190173e+32 2.4022700257956978e+32 4.3755914565846474e+32 4.9918607008374354e+32 1.6168462818806654e+32 1.8254449156226133e+33 32.0
9775887 3642.20596710222 16.218000412 0.847 16.554 nan 1.418 5213 4.62 -0.9 0.631 0.644 False 1.077458467620367e+36 8.503179487676345e+34 2.907885836143104e+36 3.874967051494947e+33 1.3136169155988802e+33 1.22283745431324e+34 36.0
10082757 2629.63038115363 15.2349996567 0.613 15.504 5.024659 12.27 6014 4.342 -0.42 0.891 1.054 False 4.22110049820696e+34 2.4018648668550043e+34 6.040336129558916e+34 4.173236574848786e+33 2.4505791395171152e+33 1.1134449048528274e+34 21.0
10134076 977.20567517833 13.6529998779 0.424 13.778 2.6793628 0.0 6792 4.232 -0.28 1.257 1.416 True 2.8616971100107627e+34 7.778712677373416e+33 4.945522952284184e+34 9.395707433374831e+33 6.819754362204747e+33 1.181051219196353e+34 6.0
10280703 803.564603782475 15.4420003891 0.909 15.907 0.39289093 6.122 4652 4.681 -0.9 0.562 0.567 True 2.0636179830249048e+33 2.0636179830249048e+33 2.0636179830249048e+33 6.907398653930344e+32 1.980472116572539e+32 2.6005711019371037e+33 32.0
10525463 846.129992925567 15.9739999771 nan nan 0.27179292 16.613 4940 4.481 0.34 0.818 0.861 True 1.9191739156272545e+33 1.9191739156272545e+33 1.9191739156272545e+33 2.0873133493974067e+33 1.1367598662973932e+33 3.0378668324974204e+33 3.0
11021136 595.719283807705 13.375 nan nan 1.3220391 0.0 5674 4.476 -0.64 0.738 0.823 True 3.7912060638808805e+33 3.7912060638808805e+33 3.7912060638808805e+33 1.0922204167023063e+33 3.912629565087332e+32 2.4152869357285377e+33 6.0
11662738 2684.20506972435 14.957 0.939 15.471 7.3869157 11.212 4605 4.791 -1.94 0.494 0.468 False 3.076692752500601e+34 3.076692752500601e+34 3.076692752500601e+34 1.6485904458213178e+33 1.4715286846841669e+32 1.2055042123960058e+34 61.0
